0 0 1.21271083694204
0.1 0.117558685172862 1.13846286651521
0.2 0.227692573303042 1.06421489608838
0.3 0.330401664390538 0.989966925661552
0.4 0.425685958435352 0.915718955234724
0.5 0.513545455437483 0.841470984807897
0.6 0.593980155396931 0.767223014381069
0.7 0.666990058313697 0.692975043954241
0.8 0.732575164187779 0.618727073527413
0.9 0.790735473019179 0.544479103100585
1 0.841470984807897 0.470231132673757
1.1 0.884470051168712 0.389750194542563
1.2 0.919421023716409 0.309269256411368
1.3 0.946323902450986 0.228788318280174
1.4 0.965178687372444 0.148307380148979
1.5 0.975985378480782 0.067826442017785
1.6 0.978743975776001 -0.0126544961134094
1.7 0.9734544792581 -0.0931354342446037
1.8 0.96011688892708 -0.173616372375798
1.9 0.93873120478294 -0.254097310506993
2 0.909297426825682 -0.334578248638187
2.1 0.871503610260587 -0.421298082663712
2.2 0.825037810292939 -0.508017916689238
2.3 0.769900026922739 -0.594737750714764
2.4 0.706090260149986 -0.68145758474029
2.5 0.633608509974681 -0.768177418765815
2.6 0.552454776396823 -0.854897252791341
2.7 0.462629059416412 -0.941617086816867
2.8 0.36413135903345 -1.02833692084239
2.9 0.256961675247934 -1.11505675486792
3 0.141120008059866 -1.20177658889344
3.1 0.0239808900257778 -1.14100577178831
3.2 -0.087081146297797 -1.08023495468318
3.3 -0.192066100910859 -1.01946413757805
3.4 -0.290973973813408 -0.958693320472924
3.5 -0.383804765005444 -0.897922503367794
3.6 -0.470558474486967 -0.837151686262665
3.7 -0.551235102257977 -0.776380869157535
3.8 -0.625834648318474 -0.715610052052406
3.9 -0.694357112668458 -0.654839234947276
4 -0.756802495307929 -0.594068417842147
4.1 -0.812289870707274 -0.51567909014476
4.2 -0.859938313336881 -0.437289762447372
4.3 -0.899747823196749 -0.358900434749985
4.4 -0.931718400286877 -0.280511107052598
4.5 -0.955850044607268 -0.20212177935521
4.6 -0.972142756157919 -0.123732451657823
4.7 -0.980596534938832 -0.0453431239604355
4.8 -0.981211380950006 0.0330462037369518
4.9 -0.973987294191442 0.111435531434339
5 -0.958924274663139 0.189824859131726
5.1 -0.935044949576641 0.287761642598223
5.2 -0.901371946143494 0.385698426064719
5.3 -0.857905264363698 0.483635209531216
5.4 -0.804644904237252 0.581571992997713
5.5 -0.741590865764156 0.679508776464209
5.6 -0.66874314894441 0.777445559930706
5.7 -0.586101753778015 0.875382343397202
5.8 -0.49366668026497 0.973319126863699
5.9 -0.391437928405276 1.0712559103302
5.99999999999999 -0.279415498198932 1.16919269379669
6.09999999999999 -0.164824134788052 1.1226345744209
6.19999999999999 -0.0548885833147522 1.07607645504511
6.29999999999999 0.0503911562209684 1.02951833566931
6.39999999999999 0.151015083819109 0.982960216293515
6.49999999999999 0.246983199479671 0.936402096917718
6.59999999999999 0.338295503202652 0.889843977541922
6.69999999999999 0.424951994988054 0.843285858166126
6.79999999999999 0.506952674835877 0.796727738790329
6.89999999999999 0.58429754274612 0.750169619414533
6.99999999999999 0.656986598718783 0.703611500038737
7.09999999999999 0.723635350201315 0.629363529611911
7.19999999999999 0.782859304641165 0.555115559185084
7.29999999999999 0.834658462038331 0.480867588758256
7.39999999999999 0.879032822392815 0.406619618331428
7.49999999999999 0.915982385704617 0.332371647904601
7.59999999999999 0.945507151973735 0.258123677477773
7.69999999999999 0.967607121200171 0.183875707050945
7.79999999999999 0.982282293383924 0.109627736624118
7.89999999999999 0.989532668524995 0.0353797661972899
7.99999999999999 0.989358246623382 -0.0388682042295379
