0 1
0.1 0.954030230586814
0.2 0.908060461173628
0.3 0.862090691760442
0.4 0.816120922347256
0.5 0.77015115293407
0.6 0.724181383520884
0.7 0.678211614107698
0.8 0.632241844694512
0.9 0.586272075281326
1 0.54030230586814
1.1 0.444657391626612
1.2 0.349012477385083
1.3 0.253367563143555
1.4 0.157722648902027
1.5 0.0620777346604985
1.6 -0.0335671795810298
1.7 -0.129212093822558
1.8 -0.224857008064086
1.9 -0.320501922305615
2 -0.416146836547143
2.1 -0.473531402552473
2.2 -0.530915968557803
2.3 -0.588300534563134
2.4 -0.645685100568464
2.5 -0.703069666573794
2.6 -0.760454232579125
2.7 -0.817838798584455
2.8 -0.875223364589786
2.9 -0.932607930595116
3 -0.989992496600445
3.1 -0.956357609026762
3.2 -0.922722721453078
3.3 -0.889087833879395
3.4 -0.855452946305711
3.5 -0.821818058732028
3.6 -0.788183171158345
3.7 -0.754548283584661
3.8 -0.720913396010978
3.9 -0.687278508437295
4 -0.65364362086361
4.1 -0.559913040230927
4.2 -0.466182459598243
4.3 -0.37245187896556
4.4 -0.278721298332876
4.5 -0.184990717700193
4.6 -0.0912601370675094
4.7 0.00247044356517412
4.8 0.0962010241978577
4.9 0.189931604830541
5 0.283662185463225
5.1 0.351312995581939
5.2 0.418963805700653
5.3 0.486614615819366
5.4 0.55426542593808
5.5 0.621916236056794
5.6 0.689567046175507
5.7 0.757217856294221
5.8 0.824868666412935
5.9 0.892519476531649
5.99999999999999 0.960170286650362
6.09999999999999 0.939543483419661
6.19999999999999 0.918916680188955
6.29999999999999 0.898289876958249
6.39999999999999 0.877663073727543
6.49999999999999 0.857036270496837
6.59999999999999 0.836409467266131
6.69999999999999 0.815782664035425
6.79999999999999 0.795155860804719
6.89999999999999 0.774529057574012
6.99999999999999 0.753902254343306
7.09999999999999 0.663962025528121
7.19999999999999 0.57402179671293
7.29999999999999 0.484081567897738
7.39999999999999 0.394141339082547
7.49999999999999 0.304201110267355
7.59999999999999 0.214260881452164
7.69999999999999 0.124320652636972
7.79999999999999 0.0343804238217806
7.89999999999999 -0.0555598049934108
7.99999999999999 -0.145500033808602
