0 0
0.05 0.0496312051237956
0.1 0.0991487612869386
0.15 0.148439019528776
0.2 0.197388330888656
0.25 0.245883046405925
0.3 0.293809517119931
0.35 0.341054094070021
0.4 0.387503128295543
0.45 0.433042970835843
0.5 0.47755997273027
0.55 0.52094048501817
0.6 0.563070858738891
0.65 0.603837444931781
0.7 0.643126594636186
0.75 0.680824658891454
0.8 0.716817988736932
0.85 0.750992935211968
0.9 0.783235849355909
0.95 0.813433082208103
1 0.841470984807896
1.05 0.86725285158744
1.1 0.890749750550102
1.15 0.911949693092053
1.2 0.930840690609462
1.25 0.947410754498502
1.3 0.961647896155341
1.35 0.973540126976151
1.4 0.983075458357104
1.45 0.990241901694368
1.5 0.995027468384115
1.55 0.997420169822515
1.6 0.99740801740574
1.65 0.994979022529959
1.7 0.990121196591344
1.75 0.982822550986065
1.8 0.973071097110292
1.85 0.960854846360197
1.9 0.94616181013195
1.95 0.928979999821721
2 0.909297426825682
2.05 0.887123239621886
2.1 0.862551135015926
2.15 0.835695946895275
2.2 0.806672509147409
2.25 0.775595655659802
2.3 0.742580220319931
2.35 0.707741037015269
2.4 0.671192939633292
2.45 0.633050762061475
2.5 0.593429338187292
2.55 0.552443501898219
2.6 0.510208087081731
2.65 0.466837927625303
2.7 0.422447857416408
2.75 0.377152710342524
2.8 0.331067320291124
2.85 0.284306521149684
2.9 0.236985146805678
2.95 0.189218031146581
3 0.141120008059869
3.05 0.0928004969744489
3.1 0.0443472594849534
3.15 -0.00415735727255134
3.2 -0.0526310061619997
3.25 -0.100991340047326
3.3 -0.149156011792464
3.35 -0.197042674261349
3.4 -0.244568980317916
3.45 -0.291652582826097
3.5 -0.338211134649828
3.55 -0.384162288653043
3.6 -0.429423697699676
3.65 -0.473913014653662
3.69999999999999 -0.517547892378935
3.74999999999999 -0.560245983739429
3.79999999999999 -0.601924941599079
3.84999999999999 -0.64250241882182
3.89999999999999 -0.681896068271584
3.94999999999999 -0.720023542812307
3.99999999999999 -0.756802495307924
4.04999999999999 -0.792135146990924
4.09999999999999 -0.825861992568029
4.14999999999999 -0.857808095114515
4.19999999999999 -0.887798517705658
4.24999999999999 -0.915658323416735
4.29999999999999 -0.941212575323024
4.34999999999999 -0.9642863364998
4.39999999999999 -0.98470467002234
4.44999999999999 -1.00229263896592
4.49999999999999 -1.01687530640582
4.54999999999999 -1.02827773541731
4.59999999999999 -1.03632498907568
4.64999999999999 -1.04084213045619
4.69999999999999 -1.04165422263412
4.74999999999999 -1.03858632868476
4.79999999999999 -1.03146351168337
4.84999999999999 -1.02011083470524
4.89999999999999 -1.00435336082564
4.94999999999999 -0.984016153119852
4.99999999999999 -0.958924274663144
5.04999999999999 -0.929039065095102
5.09999999999999 -0.894866970312525
5.14999999999999 -0.857050712776516
5.19999999999999 -0.81623301494818
5.24999999999999 -0.77305659928862
5.29999999999999 -0.72816418825894
5.34999999999999 -0.682198504320243
5.39999999999999 -0.635802269933634
5.44999999999999 -0.589618207560216
5.49999999999999 -0.544289039661093
5.54999999999999 -0.500457488697369
5.59999999999999 -0.458766277130148
5.64999999999999 -0.419858127420533
5.69999999999999 -0.384375762029628
5.74999999999999 -0.352961903418537
5.79999999999999 -0.326259274048364
5.84999999999999 -0.304910596380213
5.89999999999999 -0.289558592875187
5.94999999999999 -0.28084598599439
5.99999999999999 -0.279415498198926
6.04999999999999 -0.285688621532359
6.09999999999999 -0.299201926368102
6.14999999999999 -0.319270752662025
6.19999999999999 -0.345210440370001
6.24999999999999 -0.3763363294479
6.29999999999999 -0.411963759851594
6.34999999999999 -0.451408071536956
6.39999999999999 -0.493984604459857
6.44999999999999 -0.539008698576168
6.49999999999998 -0.585795693841761
6.54999999999998 -0.633660930212509
6.59999999999998 -0.681919747644282
6.64999999999998 -0.729887486092952
6.69999999999998 -0.776879485514392
6.74999999999998 -0.822211085864472
6.79999999999998 -0.865197627099064
6.84999999999998 -0.905154449174041
6.89999999999998 -0.941396892045273
6.94999999999998 -0.973240295668633
6.99999999999998 -0.999999999999992
7.04999999999998 -1.0211896898993
7.09999999999998 -1.03711642984284
7.14999999999998 -1.04828562921097
7.19999999999998 -1.05520269738406
7.24999999999998 -1.05837304374245
7.29999999999998 -1.0583020776665
7.34999999999998 -1.05549520853659
7.39999999999998 -1.05045784573307
7.44999999999998 -1.04369539863629
7.49999999999998 -1.03571327662662
7.54999999999998 -1.02701688908442
7.59999999999998 -1.01811164539005
7.64999999999998 -1.00950295492386
7.69999999999998 -1.00169622706622
7.74999999999998 -0.995196871197485
7.79999999999998 -0.990510296698016
7.84999999999998 -0.988141912948174
7.89999999999998 -0.988597129328316
7.94999999999998 -0.992381355218804
7.99999999999998 -0.999999999999996
8.04999999999998 -1.0117414816387
8.09999999999998 -1.02702625244751
8.14999999999998 -1.04505777332546
8.19999999999998 -1.06503950517161
8.24999999999998 -1.08617490888497
8.29999999999998 -1.10766744536461
8.34999999999998 -1.12872057550955
8.39999999999998 -1.14853776021883
8.44999999999999 -1.16632246039151
8.49999999999999 -1.18127813692661
8.54999999999999 -1.19260825072318
8.59999999999999 -1.19951626268026
8.64999999999999 -1.20120563369689
8.69999999999999 -1.1968798246721
8.74999999999999 -1.18574229650495
8.79999999999999 -1.16699651009446
8.84999999999999 -1.13984592633968
8.89999999999999 -1.10349400613965
8.94999999999999 -1.05714421039342
8.99999999999999 -1.00000000000001
9.04999999999999 -0.931594383545878
9.09999999999999 -0.852778560367097
9.15 -0.764733277487144
9.2 -0.668639281929499
9.25 -0.565677320717641
9.3 -0.457028140875048
9.35 -0.343872489425201
9.4 -0.227391113391577
9.45 -0.108764759797657
9.5 0.0108258243330801
9.55 0.130199891977156
9.6 0.248176696111091
9.65 0.363575489711407
9.7 0.475215525754623
9.75 0.58191605721726
9.8 0.682496337075841
9.85 0.775775618306886
9.90000000000001 0.860573153886914
9.95000000000001 0.935708196792448
10 1.00000000000001
10.05 1.05261901582219
10.1 1.09414049391587
10.15 1.12549088327402
10.2 1.14759663288958
10.25 1.16138419175551
10.3 1.16778000886478
10.35 1.16771053321034
10.4 1.16210221378513
10.45 1.15188149958213
10.5 1.13797483959429
10.55 1.12130868281456
10.6 1.1028094782359
10.65 1.08340367485127
10.7 1.06401772165363
10.75 1.04557806763592
10.8 1.02901116179112
10.85 1.01524345311216
10.9 1.00520139059202
10.95 0.99981142322365
11 1
11.05 1.00636832025715
11.1 1.01821658470363
11.15 1.0345197443911
11.2 1.0542527503712
11.25 1.07639055369559
11.3 1.09990810541593
11.35 1.12378035658386
11.4 1.14698225825104
11.45 1.16848876146912
11.5 1.18727481728975
11.55 1.20231537676458
11.6 1.21258539094528
11.65 1.21705981088348
11.7 1.21471358763084
11.75 1.20452167223902
11.8 1.18545901575966
11.85 1.15650056924442
11.9 1.11662128374496
11.95 1.06479611031292
12 0.999999999999949
12.05 0.921657703149176
12.1 0.830993167269567
12.15 0.729680139161556
12.2 0.619392365625577
12.25 0.501803593462062
12.3 0.378587569471446
12.35 0.251418040454162
12.4 0.121968753210643
12.45 -0.00808654545867582
12.5 -0.137074108753362
12.55 -0.263320189872981
12.6 -0.3851510420171
12.65 -0.500892918385286
12.7 -0.608872072177104
12.75 -0.707414756592121
12.8 -0.794847224829904
12.85 -0.869495730090018
12.9 -0.929686525572031
12.95 -0.973745864475508
13 -1.00000000000002
13.0500000000001 -1.00731163285409
13.1000000000001 -0.996689253782159
13.1500000000001 -0.969677801037597
13.2000000000001 -0.927822212873796
13.2500000000001 -0.872667427544142
13.3000000000001 -0.805758383302022
13.3500000000001 -0.728640018400823
13.4000000000001 -0.64285727109393
13.4500000000001 -0.549955079634732
13.5000000000001 -0.451478382276613
13.5500000000001 -0.348972117272962
13.6000000000001 -0.243981222877165
13.6500000000001 -0.138050637342608
13.7000000000001 -0.0327252989226782
13.7500000000001 0.0704498541292382
13.8000000000001 0.169929883559754
13.8500000000001 0.264169851115483
13.9000000000001 0.351624818543038
13.9500000000001 0.430749847589034
14.0000000000001 0.500000000000082
14.0500000000001 0.558213828267214
14.1000000000001 0.605763847859129
14.1500000000001 0.643406064988939
14.2000000000001 0.671896485869757
14.2500000000001 0.691991116714695
14.3000000000001 0.704445963736867
14.3500000000001 0.710017033149386
14.4000000000001 0.709460331165363
14.4500000000001 0.703531863997913
14.5000000000001 0.692987637860147
14.5500000000001 0.678583658965179
14.6000000000001 0.661075933526122
14.6500000000001 0.641220467756088
14.7000000000001 0.61977326786819
14.7500000000001 0.597490340075541
14.8000000000001 0.575127690591253
14.8500000000001 0.553441325628441
14.9000000000001 0.533187251400216
14.9500000000001 0.515121474119691
15.0000000000001 0.499999999999979
15.0500000000001 0.488393819785496
15.1000000000001 0.480133862345873
15.1500000000001 0.474866041082045
15.2000000000001 0.472236269394947
15.2500000000001 0.471890460685514
15.3000000000001 0.473474528354683
15.3500000000001 0.476634385803389
15.4000000000001 0.481015946432566
15.4500000000001 0.486265123643151
15.5000000000001 0.492027830836078
15.5500000000001 0.497949981412283
15.6000000000001 0.503677488772702
15.6500000000001 0.50885626631827
15.7000000000001 0.513132227449921
15.7500000000001 0.516151285568593
15.8000000000001 0.517559354075219
15.8500000000001 0.517002346370735
15.9000000000001 0.514126175856078
15.9500000000001 0.508576755932181
16.0000000000001 0.499999999999981
16.0500000000001 0.488148392590782
16.1000000000001 0.473200702757361
16.1500000000001 0.455442270682865
16.2000000000001 0.435158436550439
16.2500000000001 0.412634540543228
16.3000000000001 0.388155922844378
16.3500000000001 0.362007923637036
16.4000000000001 0.334475883104345
16.4500000000001 0.305845141429453
16.5000000000001 0.276401038795504
16.5500000000001 0.246428915385645
16.6000000000001 0.21621411138302
16.6500000000001 0.186041966970776
16.7000000000001 0.156197822332059
16.7500000000001 0.126967017650013
16.8000000000001 0.0986348931077839
16.8500000000001 0.0714867888885183
16.9000000000001 0.0458080451753612
16.9500000000001 0.0218840021514585
17.0000000000001 -4.42715055461702E-14
17.0500000000001 -0.0196498901487794
17.1000000000001 -0.0372366733754881
17.1500000000001 -0.0530226238136882
17.2000000000001 -0.0672700155968974
17.2500000000001 -0.0802411228586338
17.3000000000001 -0.092198219732415
17.3500000000001 -0.103403580351759
17.4000000000001 -0.114119478850184
17.4500000000001 -0.124608189361207
17.5000000000001 -0.135131986018346
17.5500000000001 -0.14595314295512
17.6000000000001 -0.157333934305045
17.6500000000001 -0.169536634201641
17.7000000000001 -0.182823516778424
17.7500000000001 -0.197456856168913
17.8000000000001 -0.213698926506625
17.8500000000001 -0.231812001925078
17.9000000000001 -0.252058356557791
17.9500000000001 -0.27470026453828
18.0000000000001 -0.300000000000065
18.0500000000001 -0.32812383199592
18.1000000000001 -0.358854009255661
18.1500000000001 -0.391876775428362
18.2000000000001 -0.426878374163097
18.2500000000001 -0.463545049108941
18.3000000000001 -0.501563043914966
18.3500000000001 -0.540618602230249
18.4000000000001 -0.580397967703862
18.4500000000001 -0.620587383984881
18.5000000000001 -0.660873094722379
18.5500000000001 -0.70094134356543
18.6000000000001 -0.74047837416311
18.6500000000001 -0.779170430164492
18.7000000000001 -0.81670375521865
18.7500000000001 -0.852764592974659
18.8000000000001 -0.887039187081592
18.8500000000001 -0.919213781188525
18.9000000000001 -0.948974618944531
18.9500000000001 -0.976007943998685
19.0000000000001 -1.00000000000006
19.0500000000001 -1.02071728186792
19.1000000000001 -1.03824728960226
19.1500000000001 -1.05275777447327
19.2000000000001 -1.06441648775113
19.2500000000001 -1.07339118070602
19.3000000000001 -1.07984960460815
19.3500000000001 -1.08395951072768
19.4000000000001 -1.0858886503348
19.4500000000001 -1.0858047746997
19.5000000000001 -1.08387563509257
19.5500000000001 -1.08026898278358
19.6000000000001 -1.07515256904293
19.6500000000001 -1.0686941451408
19.7000000000001 -1.06106146234737
19.7500000000001 -1.05242227193283
19.8000000000001 -1.04294432516737
19.8500000000001 -1.03279537332117
19.9000000000001 -1.02214316766441
19.9500000000001 -1.01115545946728
