0 0 1.46379691425157E-12
0 1 7.41795594602482E-12
0 2 3.46510022054905E-11
0 3 1.49202286402737E-10
0 4 5.92193020430677E-10
0 5 2.16660239297525E-09
0 6 7.30673371556589E-09
0 7 2.27140966843175E-08
0 8 6.50872297821452E-08
0 9 1.71919141241313E-07
0 10 4.18582248419645E-07
0 11 9.39432342123663E-07
0 12 1.94347221811691E-06
0 13 3.70611843466751E-06
0 14 6.51460935479404E-06
0 15 1.05556648181689E-05
0 16 1.57656155478562E-05
0 17 2.17052304058006E-05
0 18 2.75452042251183E-05
0 19 3.22222394650478E-05
0 20 3.47451005578243E-05
0 21 3.45350073586986E-05
0 22 3.16412520809976E-05
0 23 2.6722426818509E-05
0 24 2.08030139336936E-05
0 25 1.49281074158679E-05
0 26 9.874414886306E-06
0 27 6.02068794203501E-06
0 28 3.38383355707024E-06
0 29 1.7530729793568E-06
0 30 8.37180543745679E-07
0 31 3.68524516744771E-07
0 32 1.49534627056717E-07
0 33 5.59300601429626E-08
0 34 1.92831033376605E-08
0 35 6.12825317365249E-09
0 36 1.79524860049666E-09
0 37 4.84775455115288E-10
0 38 1.20665961144221E-10
0 39 2.76857987848781E-11
0 40 5.85541212555236E-12
0 41 1.14152651907263E-12
0 42 2.05136372007378E-13
0 43 3.39803199354521E-14
0 44 5.18848283853716E-15
0 45 7.30266592609257E-16
1 0 1.04539673604234E-11
1 1 5.29766585690958E-11
1 2 2.47466327149189E-10
1 3 1.06555480269764E-09
1 4 4.22925232754578E-09
1 5 1.54731783341401E-08
1 6 5.21823451259872E-08
1 7 1.62216782292346E-07
1 8 4.64832087770054E-07
1 9 1.22779128284173E-06
1 10 2.98937996113274E-06
1 11 6.70912402278708E-06
1 12 1.38796542992247E-05
1 13 2.64679073802302E-05
1 14 4.65252473877131E-05
1 15 7.53851674384263E-05
1 16 0.000112592962008353
1 17 0.000155011783399422
1 18 0.000196719000499336
1 19 0.000230120883824642
1 20 0.000248138347355265
1 21 0.000246637929213292
1 22 0.000225971658552648
1 23 0.000190842988554069
1 24 0.000148568443165805
1 25 0.000106611747954236
1 26 7.0519899256312E-05
1 27 4.29978193153312E-05
1 28 2.41662523088486E-05
1 29 1.25198840960847E-05
1 30 5.97887452411631E-06
1 31 2.63188372106618E-06
1 32 1.06792827289382E-06
1 33 3.99434523675023E-07
1 34 1.37713729914947E-07
1 35 4.37660156474162E-08
1 36 1.28210888346035E-08
1 37 3.46211058075685E-09
1 38 8.61757534145888E-10
1 39 1.97723081683327E-10
1 40 4.18174725239454E-11
1 41 8.15241571782144E-12
1 42 1.46501807492691E-12
1 43 2.42676529813279E-13
1 44 3.7054477787253E-14
1 45 5.21532942802248E-15
2 0 6.71320307309644E-11
2 1 3.40199136697928E-10
2 2 1.58914950719585E-09
2 3 6.84265172197053E-09
2 4 2.71589041206178E-08
2 5 9.93637963100657E-08
2 6 3.3509831012804E-07
2 7 1.04170422945408E-06
2 8 2.98500281520429E-06
2 9 7.88448244472068E-06
2 10 1.91968408259087E-05
2 11 4.30838460220095E-05
2 12 8.91306952495572E-05
2 13 0.00016996842541911
2 14 0.000298770240016436
2 15 0.000484099404814899
2 16 0.000723035946548905
2 17 0.000995436033809288
2 18 0.00126326642618781
2 19 0.00147776262466989
2 20 0.00159346500575929
2 21 0.0015838298009281
2 22 0.00145111762867308
2 23 0.00122553255914145
2 24 0.000954058966169798
2 25 0.000684626505248218
2 26 0.000452856210546608
2 27 0.000276118226518393
2 28 0.000155187933606114
2 29 8.03986864420852E-05
2 30 3.83944175882046E-05
2 31 1.6901114452665E-05
2 32 6.85789338751775E-06
2 33 2.56504060074603E-06
2 34 8.84353473660699E-07
2 35 2.81051337364729E-07
2 36 8.23329268185288E-08
2 37 2.22325654833452E-08
2 38 5.53393092501285E-09
2 39 1.26971431401604E-09
2 40 2.68538417404727E-10
2 41 5.23522031044701E-11
2 42 9.40787693672581E-12
2 43 1.55839096253397E-12
2 44 2.37951990452069E-13
2 45 3.34911754899461E-14
3 0 3.87638372959126E-10
3 1 1.96440117177713E-09
3 2 9.17617600198799E-09
3 3 3.95113085564263E-08
3 4 1.56822805597229E-07
3 5 5.73753242875012E-07
3 6 1.93494762939551E-06
3 7 6.01507995830621E-06
3 8 1.72362078424435E-05
3 9 4.55271189209923E-05
3 10 0.000110847714014977
3 11 0.00024877769659201
3 12 0.000514664569372515
3 13 0.000981443331394693
3 14 0.00172517959709447
3 15 0.00279531996261173
3 16 0.0041750037181864
3 17 0.00574791497187256
3 18 0.00729443958017294
3 19 0.00853299823064379
3 20 0.00920109484956976
3 21 0.00914545858945337
3 22 0.00837914286855746
3 23 0.0070765540988604
3 24 0.00550899267199651
3 25 0.0039532172897118
3 26 0.00261491336891368
3 27 0.00159438078822454
3 28 0.000896096802538939
3 29 0.000464243605639742
3 30 0.000221699677524281
3 31 9.75915734455085E-05
3 32 3.95993180262664E-05
3 33 1.48112332402403E-05
3 34 5.10649443965747E-06
3 35 1.62286589498028E-06
3 36 4.75412428990866E-07
3 37 1.28376803395224E-07
3 38 3.19544032331905E-08
3 39 7.33167141599771E-09
3 40 1.55061293493351E-09
3 41 3.02295679294596E-10
3 42 5.4323607807532E-11
3 43 8.99856790526436E-12
3 44 1.37399869208307E-12
3 45 1.93387040940849E-13
4 0 2.01266767603759E-09
4 1 1.01994204315347E-08
4 2 4.76438714976769E-08
4 3 2.05147733343344E-07
4 4 8.1424392864313E-07
4 5 2.97899972374007E-06
4 6 1.00464938978592E-05
4 7 3.12310592691012E-05
4 8 8.9492580719323E-05
4 9 0.000236382584974534
4 10 0.000575535412703138
4 11 0.00129168540417597
4 12 0.00267220382458651
4 13 0.00509577845423738
4 14 0.00895735162627392
4 15 0.0145136563493018
4 16 0.0216771496763468
4 17 0.0298439047202385
4 18 0.0378736569492602
4 19 0.0443044108027809
4 20 0.0477732533198867
4 21 0.0474843827896111
4 22 0.0435055742178155
4 23 0.0367423678512072
4 24 0.0286033897877919
4 25 0.0205256063650717
4 26 0.0135769623968731
4 27 0.00827822759459689
4 28 0.00465264843442354
4 29 0.00241041177565972
4 30 0.00115109288932065
4 31 0.000506707846872875
4 32 0.000205604689691035
4 33 7.69018045280789E-05
4 34 2.65135678341319E-05
4 35 8.42612588747769E-06
4 36 2.46840172533004E-06
4 37 6.66548671572938E-07
4 38 1.65911320913771E-07
4 39 3.80669693706081E-08
4 40 8.05097934026139E-09
4 41 1.56955756902378E-09
4 42 2.82055072735257E-10
4 43 4.67217076970462E-11
4 44 7.13397575519472E-12
4 45 1.00409008348419E-12
5 0 9.396491255295E-09
5 1 4.76177791470643E-08
5 2 2.22433751595639E-07
5 3 9.57768093240011E-07
5 4 3.80144027067353E-06
5 5 1.39079815246791E-05
5 6 4.69038148629982E-05
5 7 0.000145807665522536
5 8 0.00041781177397276
5 9 0.0011035934640686
5 10 0.00268698779086301
5 11 0.0060304593497655
5 12 0.0124756511812852
5 13 0.0237905334567851
5 14 0.0418189635720632
5 15 0.0677595445051624
5 16 0.101203566688428
5 17 0.139331491764038
5 18 0.176819795223421
5 19 0.206842894947726
5 20 0.223037793273986
5 21 0.221689150652075
5 22 0.203113386557243
5 23 0.171538174097576
5 24 0.133539930716193
5 25 0.0958273852237398
5 26 0.0633864248701256
5 27 0.0386483541858792
5 28 0.0217217034131004
5 29 0.0112534291881893
5 30 0.00537407859097139
5 31 0.00236565425520422
5 32 0.000959901473914945
5 33 0.000359029531982706
5 34 0.000123783231214092
5 35 3.93388432478707E-05
5 36 1.1524165416261E-05
5 37 3.11189911689457E-06
5 38 7.74586035579367E-07
5 39 1.77722308091472E-07
5 40 3.75874059428745E-08
5 41 7.32775417800197E-09
5 42 1.3168234657031E-09
5 43 2.18128468516996E-10
5 44 3.33062142336117E-11
5 45 4.68777026695357E-12
6 0 3.94464285380643E-08
6 1 1.99899225278109E-07
6 2 9.33775900853054E-07
6 3 4.02070619974669E-06
6 4 1.5958429365253E-05
6 5 5.83856446429218E-05
6 6 0.000196902006385976
6 7 0.000612099931992769
6 8 0.00175397197066417
6 9 0.00463288045853562
6 10 0.011279962806883
6 11 0.0253158415550251
6 12 0.0523727282256631
6 13 0.0998725537425127
6 14 0.175555823260277
6 15 0.284454266754997
6 16 0.424852123277687
6 17 0.584912983330338
6 18 0.742288714680113
6 19 0.868325553920358
6 20 0.936311665134803
6 21 0.930650069400478
6 22 0.852669094268526
6 23 0.720116492661775
6 24 0.560600035785271
6 25 0.402282937377048
6 26 0.266095929958304
6 27 0.162245619145125
6 28 0.0911876144116088
6 29 0.0472418457293761
6 30 0.0225603580461204
6 31 0.00993100605197676
6 32 0.00402966212234077
6 33 0.00150720437997852
6 34 0.00051964145462764
6 35 0.000165144289159297
6 36 4.83783952118519E-05
6 37 1.30637386655444E-05
6 38 3.25170873562472E-06
6 39 7.46077459690036E-07
6 40 1.57791763135128E-07
6 41 3.07618794796594E-08
6 42 5.52801905794706E-09
6 43 9.15702341618684E-10
6 44 1.39819339362369E-10
6 45 1.96792387513845E-11
7 0 1.48901130648709E-07
7 1 7.54573272228922E-07
7 2 3.52478773269342E-06
7 3 1.51772345770377E-05
7 4 6.02393743598555E-05
7 5 0.00022039228450291
7 6 0.000743259465165003
7 7 0.00231053546091688
7 8 0.00662083791200568
7 9 0.0174880506043936
7 10 0.042579246787818
7 11 0.0955614378936569
7 12 0.197694917815783
7 13 0.376995756629375
7 14 0.662682568339378
7 15 1.07374896809218
7 16 1.60371835573169
7 17 2.20791102710235
7 18 2.80196795958323
7 19 3.27772783346262
7 20 3.53435965549111
7 21 3.5129884430047
7 22 3.21862832482488
7 23 2.71827295727551
7 24 2.11613528179324
7 25 1.5185249067181
7 26 1.00445049907566
7 27 0.612439630883105
7 28 0.344212122371101
7 29 0.178327024872431
7 30 0.0851601259076082
7 31 0.0374872475005331
7 32 0.0152110411103459
7 33 0.00568934741660902
7 34 0.00196152612526965
7 35 0.000623381438759863
7 36 0.00018261723590676
7 37 4.93125874734581E-05
7 38 1.2274447274931E-05
7 39 2.81626959439848E-06
7 40 5.95627356104032E-07
7 41 1.16118969578719E-07
7 42 2.08669914738071E-08
7 43 3.45656423301088E-09
7 44 5.27785619362792E-10
7 45 7.42845679314025E-11
8 0 5.0540162608636E-07
8 1 2.5611797380204E-06
8 2 1.1963867862866E-05
8 3 5.15147131610817E-05
8 4 0.000204465054249471
8 5 0.000748057576724815
8 6 0.00252277830706806
8 7 0.00784244131653081
8 8 0.022472510666667
8 9 0.0593581067788735
8 10 0.144522882199365
8 11 0.3243555364032
8 12 0.671017960023612
8 13 1.27960256311053
8 14 2.24928344169502
8 15 3.64452890396535
8 16 5.4433560124103
8 17 7.49411249256492
8 18 9.5104661519071
8 19 11.125294815986
8 20 11.9963569737657
8 21 11.9238186021965
8 22 10.9246987047523
8 23 9.22638778341292
8 24 7.18260638974061
8 25 5.15419160193341
8 26 3.40931538494329
8 27 2.07874838813882
8 28 1.1683280416145
8 29 0.605279274596637
8 30 0.28905130487535
8 31 0.127239570053833
8 32 0.0516294596162083
8 33 0.0193108368163312
8 34 0.00665783052823817
8 35 0.00211588717593141
8 36 0.000619841149469961
8 37 0.000167377250844453
8 38 4.1662045043143E-05
8 39 9.55900889607451E-06
8 40 2.02168400605833E-06
8 41 3.94132104899943E-07
8 42 7.08269398388464E-08
8 43 1.17323030149254E-08
8 44 1.7914149415041E-09
8 45 2.52137383121872E-10
9 0 1.54249443801548E-06
9 1 7.81676452299219E-06
9 2 3.65139300768093E-05
9 3 0.000157223788815736
9 4 0.000624030855204356
9 5 0.00228308456454432
9 6 0.00769956269656652
9 7 0.0239352655132624
9 8 0.0685864882944685
9 9 0.181161960768793
9 10 0.441086317202301
9 11 0.989938664653153
9 12 2.04795833199012
9 13 3.90536898694321
9 14 6.8648516729189
9 15 11.1231647731039
9 16 16.6132159848775
9 17 22.8721599634673
9 18 29.0261059424144
9 19 33.9545907436564
9 20 36.6130874009493
9 21 36.3916990458017
9 22 33.3423679689467
9 23 28.1590938855757
9 24 21.921437990657
9 25 15.7306812406058
9 26 10.4052890756173
9 27 6.34437576223761
9 28 3.56575723731437
9 29 1.84732273566493
9 30 0.882189544034351
9 31 0.388337351866734
9 32 0.157573996966401
9 33 0.0589370054332307
9 34 0.0203198130535936
9 35 0.00645772398006648
9 36 0.00189176582773235
9 37 0.000510838242601489
9 38 0.000127153276599109
9 39 2.91742592308477E-05
9 40 6.17021428861999E-06
9 41 1.20289794941739E-06
9 42 2.16165036129919E-07
9 43 3.58071901860925E-08
9 44 5.46742915104064E-09
9 45 7.69527621216656E-10
10 0 4.23310373181479E-06
10 1 2.14517305589556E-05
10 2 0.000100206036314936
10 3 0.00043147293809514
10 4 0.00171254253942835
10 5 0.0062655226184513
10 6 0.0211300908326845
10 7 0.065686111579452
10 8 0.188223511473351
10 9 0.497167025885618
10 10 1.21048354495445
10 11 2.7167119390086
10 12 5.62026017345133
10 13 10.7175958793163
10 14 18.83937375643
10 15 30.5255624592043
10 16 45.5920390050214
10 17 62.7686060382714
10 18 79.6570245938566
10 19 93.1823812435514
10 20 100.478156089574
10 21 99.8705948243542
10 22 91.502243896891
10 23 77.2776630332052
10 24 60.1595173882017
10 25 43.1700781684953
10 26 28.5554793139328
10 27 17.4110194845927
10 28 9.7855913746054
10 29 5.06965119191636
10 30 2.42101349540317
10 31 1.06572331988768
10 32 0.432434022552211
10 33 0.161742208913491
10 34 0.0557641404384001
10 35 0.0177220836622394
10 36 0.00519161741380176
10 37 0.00140190539285975
10 38 0.000348949724821481
10 39 8.00636051446135E-05
10 40 1.69330640600936E-05
10 41 3.30114110830914E-06
10 42 5.93226788102204E-07
10 43 9.82665134258517E-08
10 44 1.50043942929737E-08
10 45 2.11183273328217E-09
11 0 1.04458202333831E-05
11 1 5.29353720840088E-05
11 2 0.000247273468348703
11 3 0.00106472438013685
11 4 0.00422595632949935
11 5 0.0154611195678117
11 6 0.0521416776759809
11 7 0.162090361318583
11 8 0.464469828549142
11 9 1.22683442395598
11 10 2.98705023716527
11 11 6.70389537763663
11 12 13.8688374195702
11 13 26.4472800531609
11 14 46.4889887035241
11 15 75.3264172515459
11 16 112.50521454046
11 17 154.890977522711
11 18 196.565690790875
11 19 229.941542909324
11 20 247.944964826916
11 21 246.445716011074
11 22 225.795551267611
11 23 190.694258218602
11 24 148.452658800032
11 25 106.528661846865
11 26 70.4649407359441
11 27 42.9643096740308
11 28 24.147418738697
11 29 12.5101269309107
11 30 5.9742149868683
11 31 2.62983260589705
11 32 1.06709600060818
11 33 0.399123230967057
11 34 0.137606404990915
11 35 0.0437319073249746
11 36 0.0128110969304844
11 37 0.00345941244197793
11 38 0.000861085937625019
11 39 0.000197568989460756
11 40 4.1784882766449E-05
11 41 8.14606226709334E-06
11 42 1.46387633725344E-06
11 43 2.42487403862346E-07
11 44 3.70255999911462E-08
11 45 5.2112649470516E-09
12 0 2.31779230494011E-05
12 1 0.000117456738996282
12 2 0.000548667820572717
12 3 0.00236248558756218
12 4 0.0093768501110364
12 5 0.0343062231202369
12 6 0.115695633836228
12 7 0.359657531697246
12 8 1.03059843117689
12 9 2.72218679218055
12 10 6.62787784921401
12 11 14.8750761282987
12 12 30.7731551293739
12 13 58.6830912501344
12 14 103.153048658753
12 15 167.139570051547
12 16 249.634509020321
12 17 343.683030902129
12 18 436.153825502671
12 19 510.21052137011
12 20 550.157784343129
12 21 546.831145275149
12 22 501.01110255109
12 23 423.125876590151
12 24 329.397234996425
12 25 236.373312164746
12 26 156.352582905723
12 27 95.332242107023
12 28 53.5799966745085
12 29 27.7583524189155
12 30 13.2560097869275
12 31 5.83525816167966
12 32 2.3677479064188
12 33 0.885602789239907
12 34 0.30533080167235
12 35 0.097035441940926
12 36 0.0284261658920982
12 37 0.00767598844177469
12 38 0.00191063824144809
12 39 0.000438380015389774
12 40 9.27152464575134E-05
12 41 1.80750577899968E-05
12 42 3.24815211640974E-06
12 43 5.38048162958878E-07
12 44 8.21550139940276E-08
12 45 1.1563122400555E-08
13 0 4.62439388425779E-05
13 1 0.00023434637535105
13 2 0.00109468657244986
13 3 0.00471356466215038
13 4 0.0187084270728905
13 5 0.0684468095139812
13 6 0.230832667969103
13 7 0.717578570980274
13 8 2.05622094443154
13 9 5.43123036811202
13 10 13.2237550906465
13 11 29.6783326655109
13 12 61.3977318313991
13 13 117.082849791183
13 14 205.808055511863
13 15 333.47215965661
13 16 498.063736924479
13 17 685.706697204718
13 18 870.201820478609
13 19 1017.95765292649
13 20 1097.65930617279
13 21 1091.02208965934
13 22 999.603231766872
13 23 844.20882397626
13 24 657.204079831588
13 25 471.605370699795
13 26 311.950266913937
13 27 190.204202694379
13 28 106.90129931489
13 29 55.3826824299611
13 30 26.448017131506
13 31 11.6423426285532
13 32 4.72406389242467
13 33 1.76692972606469
13 34 0.609187410329949
13 35 0.193602379001542
13 36 0.0567150850506053
13 37 0.0153149158059241
13 38 0.00381205157163982
13 39 0.000874643451800439
13 40 0.000184982846729512
13 41 3.60628458915467E-05
13 42 6.48062155968389E-06
13 43 1.07349853087353E-06
13 44 1.63913368538392E-07
13 45 2.30704159290202E-08
14 0 8.29628097366646E-05
14 1 0.000420423394661734
14 2 0.00196389572567768
14 3 0.00845625563122228
14 4 0.0335633969460107
14 5 0.12279532792656
14 6 0.414119713697378
14 7 1.28735432027108
14 8 3.68891299614713
14 9 9.74376627387986
14 10 23.7237550487254
14 11 53.2436883158234
14 12 110.149102167335
14 13 210.049628854473
14 14 369.224918531006
14 15 598.257588486244
14 16 893.539090254845
14 17 1230.17536306776
14 18 1561.16433573334
14 19 1826.24208044244
14 20 1969.22888605342
14 21 1957.32154977178
14 22 1793.31377916439
14 23 1514.53223480761
14 24 1179.04093807482
14 25 846.072104137729
14 26 559.646762127757
14 27 341.231207249995
14 28 191.783666738563
14 29 99.3579496068474
14 30 47.4484195791066
14 31 20.8866606209679
14 32 8.4750915190257
14 33 3.16991714699254
14 34 1.09289780416892
14 35 0.34732762250957
14 36 0.101748314006503
14 37 0.0274753508879325
14 38 0.00683891807574837
14 39 0.00156913273599283
14 40 0.000331863961026544
14 41 6.46976684327839E-05
14 42 1.16264009270844E-05
14 43 1.92588383685539E-06
14 44 2.9406477795152E-07
14 45 4.13889165838696E-08
15 0 0.00013383213874318
15 1 0.00067820945630752
15 2 0.00316807453930621
15 3 0.0136412783086513
15 4 0.0541430697806485
15 5 0.198088293010389
15 6 0.66804062152369
15 7 2.07670620786616
15 8 5.95080033425744
15 9 15.7182366892608
15 10 38.2701705410907
15 11 85.8904936380514
15 12 177.687929934955
15 13 338.843286058351
15 14 595.618213523963
15 15 965.084148434602
15 16 1441.41993115973
15 17 1984.4675028619
15 18 2518.40508589273
15 19 2946.017429547
15 20 3176.67777082177
15 21 3157.46935338309
15 22 2892.8988695656
15 23 2443.18012882115
15 24 1901.97958469797
15 25 1364.84817217627
15 26 902.798776391396
15 27 550.459927974227
15 28 309.377399067136
15 29 160.280093444627
15 30 76.5418082199934
15 31 33.6934883350717
15 32 13.6716635759519
15 33 5.11357791240768
15 34 1.76301707986886
15 35 0.560294410382009
15 36 0.16413612943228
15 37 0.0443220882190813
15 38 0.0110322569314127
15 39 0.00253125937629677
15 40 0.0005353490777005
15 41 0.00010436757585164
15 42 1.87552242612841E-05
15 43 3.10675534827468E-06
15 44 4.74373014694287E-07
15 45 6.67668711349627E-08
16 0 0.000194126898991969
16 1 0.000983759953748164
16 2 0.0045953721719348
16 3 0.0197870188821132
16 4 0.0785358908340596
16 5 0.287332074416835
16 6 0.96900980194244
16 7 3.01231482987844
16 8 8.6317862529761
16 9 22.7996994949278
16 10 55.5118494018266
16 11 124.586331350803
16 12 257.740832288186
16 13 491.500748508426
16 14 863.959269129111
16 15 1399.87894358792
16 16 2090.81603274845
16 17 2878.52025753082
16 18 3653.01021354913
16 19 4273.27272316639
16 20 4607.85137663936
16 21 4579.98908177558
16 22 4196.22290968404
16 23 3543.89451249071
16 24 2758.86944788339
16 25 1979.74676148511
16 26 1309.5324375778
16 27 798.456034854521
16 28 448.759734867233
16 29 232.490325588061
16 30 111.025826924122
16 31 48.8732562158421
16 32 19.8310934801246
16 33 7.41737397468078
16 34 2.55730082324684
16 35 0.812721200090186
16 36 0.238083603224617
16 37 0.064290308916977
16 38 0.016002567448224
16 39 0.00367165568658955
16 40 0.000776537364703104
16 41 0.000151387805990813
16 42 2.72049267084403E-05
16 43 4.5064271358961E-06
16 44 6.88090044535485E-07
16 45 9.68470336837326E-08
17 0 0.000253197462108819
17 1 0.00128310669416106
17 2 0.00599369060867509
17 3 0.0258079791603615
17 4 0.102433451247072
17 5 0.374763891055688
17 6 1.26386824229106
17 7 3.9289272839491
17 8 11.2583386643896
17 9 29.7373835307505
17 10 72.4034611302935
17 11 162.496506539141
17 12 336.168377262767
17 13 641.058723922987
17 14 1126.85205113141
17 15 1825.84586482628
17 16 2727.02709401564
17 17 3754.42057551116
17 18 4764.57883956873
17 19 5573.58003462123
17 20 6009.96709058841
17 21 5973.62662265393
17 22 5473.08485682263
17 23 4622.26049663081
17 24 3598.36141266817
17 25 2582.16073212461
17 26 1708.00796523098
17 27 1041.41694263091
17 28 585.312115708964
17 29 303.234434328369
17 30 144.809697943424
17 31 63.7448210582976
17 32 25.8654651471975
17 33 9.67439481933346
17 34 3.33545779413949
17 35 1.06002283214436
17 36 0.310529681456921
17 37 0.0838531040288443
17 38 0.0208719630620748
17 39 0.00478889791373191
17 40 0.00101282867545126
17 41 0.000197453358963313
17 42 3.54830702762036E-05
17 43 5.87768063010378E-06
17 44 8.9746786191612E-07
17 45 1.2631646242133E-07
18 0 0.000296948620347587
18 1 0.00150482062267326
18 2 0.00702936807585944
18 3 0.0302674590092652
18 4 0.120133400121472
18 5 0.439521073703543
18 6 1.48225786989984
18 7 4.60782476529431
18 8 13.2037189707675
18 9 34.8758432989675
18 10 84.9143893938028
18 11 190.575027988876
18 12 394.256462925223
18 13 751.83021996051
18 14 1321.56601860216
18 15 2141.34219992495
18 16 3198.24269356384
18 17 4403.16423718137
18 18 5587.87241058199
18 19 6536.66465648192
18 20 7048.4570462149
18 21 7005.83714107821
18 22 6418.80445302516
18 23 5420.96222422551
18 24 4220.13889122072
18 25 3028.34420429767
18 26 2003.14254571813
18 27 1221.36818333488
18 28 686.450897986512
18 29 355.631711967914
18 30 169.832034093492
18 31 74.7595829354328
18 32 30.3348782651222
18 33 11.3460781572299
18 34 3.9118069428818
18 35 1.24318907038226
18 36 0.364187538522713
18 37 0.0983424689404137
18 38 0.024478525904676
18 39 0.00561639368982682
18 40 0.00118784001750565
18 41 0.00023157223630446
18 42 4.16143537792915E-05
18 43 6.89331219758803E-06
18 44 1.05254547649358E-06
18 45 1.48143267040651E-07
19 0 0.00031314941723781
19 1 0.0015869199879965
19 2 0.00741287335812113
19 3 0.0319187782011789
19 4 0.126687587215595
19 5 0.463500278037644
19 6 1.56312626612634
19 7 4.85921651461745
19 8 13.9240818705533
19 9 36.7785847664997
19 10 89.5471126373594
19 11 200.972339541233
19 12 415.766139821627
19 13 792.848254242855
19 14 1393.66745695649
19 15 2258.16863950511
19 16 3372.73106203451
19 17 4643.39020421019
19 18 5892.73318368932
19 19 6893.28923454936
19 20 7433.00377642543
19 21 7388.05863257979
19 22 6768.99886409802
19 23 5716.71678217378
19 24 4450.37943904739
19 25 3193.56332304651
19 26 2112.42914717585
19 27 1288.00307068754
19 28 723.901994948584
19 29 375.034116082709
19 30 179.097658182204
19 31 78.8382845549825
19 32 31.9898756882038
19 33 11.9650926773537
19 34 4.12522564703747
19 35 1.31101445243601
19 36 0.384056727794078
19 37 0.1037077956529
19 38 0.0258140149394105
19 39 0.00592281051479105
19 40 0.00125264568940661
19 41 0.000244206256160797
19 42 4.38847320437436E-05
19 43 7.26939460094555E-06
19 44 1.10996980620568E-06
19 45 1.56225604574903E-07
20 0 0.00029694104749979
20 1 0.001504782246413
20 2 0.00702918881139784
20 3 0.0302666871219939
20 4 0.120130336453577
20 5 0.439509864942274
20 6 1.48222006903977
20 7 4.60770725555278
20 8 13.203382246677
20 9 34.8749538876856
20 10 84.91222388872
20 11 190.570167903387
20 12 394.246408511825
20 13 751.811046623997
20 14 1321.53231574036
20 15 2141.28759095407
20 16 3198.16113128849
20 17 4403.0519467368
20 18 5587.72990745392
20 19 6536.49795704925
20 20 7048.27729494227
20 21 7005.65847670759
20 22 6418.64075928883
20 23 5420.82397767703
20 24 4220.03126832802
20 25 3028.26697481026
20 26 2003.09146114466
20 27 1221.3370357399
20 28 686.433391967577
20 29 355.622642571251
20 30 169.82770300031
20 31 74.7576764004157
20 32 30.3341046585105
20 33 11.3457888070963
20 34 3.91170718313698
20 35 1.24315736630631
20 36 0.364178250933514
20 37 0.0983399609895486
20 38 0.024477901648026
20 39 0.00561625045934293
20 40 0.00118780972495319
20 41 0.000231566330699316
20 42 4.16132925210611E-05
20 43 6.8931364028528E-06
20 44 1.0525186342517E-06
20 45 1.48139489059086E-07
21 0 0.000253184548080852
21 1 0.00128304125086793
21 2 0.00599338490779049
21 3 0.0258066628558383
21 4 0.102428226753734
21 5 0.374744776680174
21 6 1.26380378023173
21 7 3.92872689380143
21 8 11.2577644465473
21 9 29.7358668117464
21 10 72.3997682800014
21 11 162.48821860287
21 12 336.151231404395
21 13 641.026027504074
21 14 1126.79457741591
21 15 1825.75273978323
21 16 2726.88800532232
21 17 3754.22908586547
21 18 4764.33582803193
21 19 5573.29576096446
21 20 6009.6605595417
21 21 5973.32194510849
21 22 5472.80570879991
21 23 4622.02474386764
21 24 3598.17788262988
21 25 2582.02903216352
21 26 1707.92085036637
21 27 1041.36382642899
21 28 585.282262577861
21 29 303.218968225618
21 30 144.80231210127
21 31 63.7415698313895
21 32 25.8641459106716
21 33 9.67390138861652
21 34 3.33528767317984
21 35 1.05996876697172
21 36 0.310513843268981
21 37 0.0838488272034706
21 38 0.0208708985130369
21 39 0.00478865366183037
21 40 0.00101277701735907
21 41 0.000197443288095389
21 42 3.54812605054497E-05
21 43 5.87738084616675E-06
21 44 8.97422087661626E-07
21 45 1.26310019804115E-07
22 0 0.000194112047372513
22 1 0.000983684691491647
22 2 0.00459502060438229
22 3 0.0197855050822425
22 4 0.0785298824695809
22 5 0.287310092163737
22 6 0.968935668141808
22 7 3.01208437364715
22 8 8.63112588079009
22 9 22.7979552108417
22 10 55.5076024846458
22 11 124.576799911357
22 12 257.721113904081
22 13 491.463146392919
22 14 863.893172187591
22 15 1399.77184627445
22 16 2090.6560755028
22 17 2878.30003721265
22 18 3652.73074111207
22 19 4272.9457977344
22 20 4607.4988543691
22 21 4579.63869110172
22 22 4195.90187892463
22 23 3543.62338791724
22 24 2758.65838141409
22 25 1979.59530156033
22 26 1309.43225219633
22 27 798.394949218048
22 28 448.725402639995
22 29 232.472538986304
22 30 111.017332926949
22 31 48.869517182217
22 32 19.8295763083402
22 33 7.41680651073734
22 34 2.55710517772395
22 35 0.812659023101577
22 36 0.238065388710853
22 37 0.0642853904064167
22 38 0.016001343176661
22 39 0.00367137478768624
22 40 0.000776477955947834
22 41 0.000151376224112689
22 42 2.7202845403784E-05
22 43 4.50608237305657E-06
22 44 6.88037402415584E-07
22 45 9.68396244308308E-08
23 0 0.000133818487201075
23 1 0.000678140275578324
23 2 0.00316775137998612
23 3 0.0136398868305883
23 4 0.0541375469189227
23 5 0.19806808702177
23 6 0.667972478066092
23 7 2.07649437353025
23 8 5.95019332310093
23 9 15.716633351139
23 10 38.2662667938341
23 11 85.8817323815907
23 12 177.669804884577
23 13 338.808722362143
23 14 595.557457511273
23 15 964.9857050636
23 16 1441.27289917575
23 17 1984.2650773315
23 18 2518.14819607995
23 19 2945.71692115375
23 20 3176.35373392939
23 21 3157.14727584458
23 22 2892.603779529
23 23 2442.9309123272
23 24 1901.78557334445
23 25 1364.70895089158
23 26 902.706686437345
23 27 550.403778330697
23 28 309.345841037585
23 29 160.263744079933
23 30 76.5340005758248
23 31 33.6900514321053
23 32 13.670268998441
23 33 5.11305630209173
23 34 1.76283724338024
23 35 0.560237257572484
23 36 0.164119386732786
23 37 0.0443175671461975
23 38 0.0110311315864738
23 39 0.0025310011752826
23 40 0.000535294469438663
23 41 0.000104356929841127
23 42 1.87533111353632E-05
23 43 3.10643844381628E-06
23 44 4.74324626293385E-07
23 45 6.6760060582871E-08
24 0 8.29522315988248E-05
24 1 0.000420369788755256
24 2 0.0019636453199868
24 3 0.00845517741993746
24 4 0.0335591174593298
24 5 0.122779670960396
24 6 0.414066911539065
24 7 1.28719017670492
24 8 3.68844264286139
24 9 9.74252389909707
24 10 23.720730161408
24 11 53.2368995019451
24 12 110.135057652819
24 13 210.022846565706
24 14 369.177840664494
24 15 598.181307906368
24 16 893.425159932425
24 17 1230.01851008027
24 18 1560.96528013738
24 19 1826.00922622116
24 20 1968.97780036019
24 21 1957.0719823184
24 22 1793.08512345219
24 23 1514.33912501789
24 24 1178.89060496048
24 25 845.964226073225
24 26 559.575404604906
24 27 341.187698709758
24 28 191.759213443542
24 29 99.3452810136574
24 30 47.4423696885087
24 31 20.8839974761713
24 32 8.474010906079
24 33 3.16951296805225
24 34 1.0927584546983
24 35 0.347283336648493
24 36 0.101735340630915
24 37 0.02747184765498
24 38 0.00683804608240205
24 39 0.00156893266438938
24 40 0.00033182164685306
24 41 6.46894191840329E-05
24 42 1.16249185077693E-05
24 43 1.92563827785426E-06
24 44 2.94027283346831E-07
24 45 4.13836393076291E-08
25 0 4.62368633562463E-05
25 1 0.000234310519526112
25 2 0.00109451908152943
25 3 0.00471284347007257
25 4 0.0187055646173266
25 5 0.0684363369098459
25 6 0.230797349753831
25 7 0.717468778918918
25 8 2.05590633534868
25 9 5.43039937064091
25 10 13.2217318093098
25 11 29.6737917755613
25 12 61.3883377611007
25 13 117.06493570073
25 14 205.776566150876
25 15 333.421137235799
25 16 497.987531409745
25 17 685.601781652865
25 18 870.068676519843
25 19 1017.80190180235
25 20 1097.49136041358
25 21 1090.85515941775
25 22 999.450288934139
25 23 844.079657037965
25 24 657.103525281084
25 25 471.533213408748
25 26 311.902537418896
25 27 190.175100778106
25 28 106.884943037698
25 29 55.3742086835125
25 30 26.4439704912675
25 31 11.6405613089209
25 32 4.72334109392746
25 33 1.76665937956224
25 34 0.609094202499841
25 35 0.193572757152264
25 36 0.0567064074418394
25 37 0.0153125725695959
25 38 0.00381146831425592
25 39 0.000874509628256357
25 40 0.000184954543699184
25 41 3.60573281484744E-05
25 42 6.47963000164594E-06
25 43 1.07333428179847E-06
25 44 1.63888289212805E-07
25 45 2.30668860737213E-08
26 0 2.31737857471754E-05
26 1 0.00011743577275066
26 2 0.000548569882349765
26 3 0.00236206387950583
26 4 0.00937517632591116
26 5 0.0343000993958218
26 6 0.115674981951141
26 7 0.359593332161197
26 8 1.03041446744667
26 9 2.72170087679245
26 10 6.62669476073285
26 11 14.8724208996382
26 12 30.7676620641438
26 13 58.6726162095744
26 14 103.134635648368
26 15 167.109735328491
26 16 249.589948797752
26 17 343.621682844081
26 18 436.075971236387
26 19 510.119447846347
26 20 550.059580158881
26 21 546.73353490214
26 22 500.921671140638
26 23 423.050347836896
26 24 329.338436979426
26 25 236.331119090396
26 26 156.324673679868
26 27 95.3152251251042
26 28 53.5704325457891
26 29 27.7533975015573
26 30 13.2536435646099
26 31 5.83421655728189
26 32 2.36732525902877
26 33 0.885444707500521
26 34 0.305276299558307
26 35 0.0970181209346799
26 36 0.0284210917687973
26 37 0.00767461826361003
26 38 0.00191029718898053
26 39 0.000438301763744469
26 40 9.26986966141689E-05
26 41 1.80718313586784E-05
26 42 3.24757231523637E-06
26 43 5.37952120364494E-07
26 44 8.21403491717517E-08
26 45 1.15610583617737E-08
27 0 1.04436892910993E-05
27 1 5.29245732936633E-05
27 2 0.000247223024680555
27 3 0.0010645071768774
27 4 0.00422509423644862
27 5 0.0154579655068852
27 6 0.0521310407989116
27 7 0.162057294963139
27 8 0.464375076928386
27 9 1.22658415032587
27 10 2.98644088035918
27 11 6.70252778621656
27 12 13.8660081834332
27 13 26.4418848208001
27 14 46.4795049722757
27 15 75.3110506987978
27 16 112.482263531017
27 17 154.859379838085
27 18 196.525591484865
27 19 229.894634945598
27 20 247.894384173811
27 21 246.395441204004
27 22 225.749489084178
27 23 190.655356682002
27 24 148.422374529317
27 25 106.506930051285
27 26 70.4505659220578
27 27 42.9555449756025
27 28 24.1424926769338
27 29 12.5075748710573
27 30 5.97299624989562
27 31 2.62929612131526
27 32 1.0668783135393
27 33 0.399041810020656
27 34 0.137578333350739
27 35 0.0437229860369963
27 36 0.0128084834728964
27 37 0.00345870672351015
27 38 0.000860910276509519
27 39 0.000197528685482301
27 40 4.17763586705404E-05
27 41 8.14440047432418E-06
27 42 1.46357770718747E-06
27 43 2.42437936549043E-07
27 44 3.70180467866258E-08
27 45 5.21020185151866E-09
28 0 4.23213224919504E-06
28 1 2.14468074612189E-05
28 2 0.000100183039377265
28 3 0.000431373916552838
28 4 0.0017121495168572
28 5 0.00626408470274852
28 6 0.021125241550149
28 7 0.0656710368447417
28 8 0.188180314830507
28 9 0.497052927778093
28 10 1.21020574318064
28 11 2.7160884630442
28 12 5.61897034324095
28 13 10.7151362282466
28 14 18.8350501855159
28 15 30.518556948528
28 16 45.5815757902508
28 17 62.7542008609605
28 18 79.6387435830814
28 19 93.1609962103513
28 20 100.45509670136
28 21 99.8476748693419
28 22 91.4812444493827
28 23 77.259928077653
28 24 60.1457109876839
28 25 43.1601707853337
28 26 28.5489259305032
28 27 17.4070237160283
28 28 9.78334561533592
28 29 5.0684877245569
28 30 2.42045788120565
28 31 1.06547874008328
28 32 0.43233478044436
28 33 0.161705089637708
28 34 0.0557513427616425
28 35 0.0177180165055255
28 36 0.00519042595561755
28 37 0.00140158366043599
28 38 0.000348869642070311
28 39 8.00452308250125E-05
28 40 1.69291779806409E-05
28 41 3.30038350787807E-06
28 42 5.9309064461253E-07
28 43 9.82439616019553E-08
28 44 1.5000950836541E-08
28 45 2.11134807499687E-09
29 0 1.54210111289531E-06
29 1 7.81477130358759E-06
29 2 3.65046192841208E-05
29 3 0.000157183697866877
29 4 0.000623871731770869
29 5 0.00228250239420478
29 6 0.00769759936279475
29 7 0.0239291621906492
29 8 0.0685689992273537
29 9 0.181115765756199
29 10 0.440973843325933
29 11 0.989686237328526
29 12 2.047436117169
29 13 3.9043731456045
29 14 6.86310118452642
29 15 11.1203284451319
29 16 16.6089797328609
29 17 22.8663277252145
29 18 29.0187044916691
29 19 33.9459325643104
29 20 36.6037513238478
29 21 36.3824194211575
29 22 33.3338659020575
29 23 28.1519135167435
29 24 21.915848179751
29 25 15.7266700286774
29 26 10.4026358008468
29 27 6.34275799150366
29 28 3.56484799455842
29 29 1.84685168149508
29 30 0.881964591969779
29 31 0.388238328601673
29 32 0.157533816716952
29 33 0.0589219769156729
29 34 0.0203146316456649
29 35 0.00645607730634247
29 36 0.00189128344088985
29 37 0.000510707982479826
29 38 0.000127120853417173
29 39 2.91668200020667E-05
29 40 6.16864092782417E-06
29 41 1.20259121898851E-06
29 42 2.16109915581852E-07
29 43 3.57980596070538E-08
29 44 5.46603499546064E-09
29 45 7.69331397141785E-10
30 0 5.05259866688508E-07
30 1 2.56046135628456E-06
30 2 1.19605121342402E-05
30 3 5.150026387097E-05
30 4 0.000204407704131316
30 5 0.000747847755097499
30 6 0.00252207069649606
30 7 0.00784024160109396
30 8 0.0224662073834643
30 9 0.0593414575062154
30 10 0.144482345177521
30 11 0.324264558370765
30 12 0.670829747131033
30 13 1.27924364917066
30 14 2.24865254331671
30 15 3.64350665513153
30 16 5.4418292130674
30 17 7.49201047939452
30 18 9.50779857450848
30 19 11.1221742975455
30 20 11.9929921323144
30 21 11.9204741069319
30 22 10.9216344512356
30 23 9.22379988676002
30 24 7.18059175048293
30 25 5.15274590991307
30 26 3.40835911082167
30 27 2.07816532290005
30 28 1.16800033891011
30 29 0.60510950065633
30 30 0.288970229277623
30 31 0.12720388080413
30 32 0.0516149781410235
30 33 0.0193054203466212
30 34 0.00665596308263064
30 35 0.0021152936936858
30 36 0.000619667291089663
30 37 0.000167330303432595
30 38 4.16503593141825E-05
30 39 9.55632770298923E-06
30 40 2.02111694672858E-06
30 41 3.94021555335041E-07
30 42 7.08070736891844E-08
30 43 1.1729012237601E-08
30 44 1.79091247002339E-09
30 45 2.5206666145862E-10
31 0 1.48855569334394E-07
31 1 7.5434238513035E-07
31 2 3.52370920520956E-06
31 3 1.51725905911124E-05
31 4 6.02209420950541E-05
31 5 0.000220324848063019
31 6 0.00074303203990663
31 7 0.00230982847479857
31 8 0.00661881204372772
31 9 0.0174826995465012
31 10 0.0425662182336509
31 11 0.0955321976542493
31 12 0.197634426399434
31 13 0.376880402084461
31 14 0.662479798295556
31 15 1.07342041844305
31 16 1.60322764410473
31 17 2.20723544238485
31 18 2.80111060314578
31 19 3.27672490227327
31 20 3.5332781991552
31 21 3.5119135259108
31 22 3.21764347712003
31 23 2.71744121014196
31 24 2.11548777895504
31 25 1.51806026289526
31 26 1.00414315362635
31 27 0.61225223435764
31 28 0.34410679908289
31 29 0.178272459715031
31 30 0.0851340682998075
31 31 0.0374757770149921
31 32 0.0152063867801735
31 33 0.00568760656921072
31 34 0.00196092593030846
31 35 0.000623190694219877
31 36 0.000182561358014845
31 37 4.92974986270018E-05
31 38 1.22706914945156E-05
31 39 2.81540786189433E-06
31 40 5.95445103860092E-07
31 41 1.16083439070335E-07
31 42 2.08606065151893E-08
31 43 3.45550658080378E-09
31 44 5.2762412558239E-10
31 45 7.42618380667365E-11
32 0 3.94333529115983E-08
32 1 1.9983296306636E-07
32 2 9.33466374608602E-07
32 3 4.01937342376809E-06
32 4 1.59531394956985E-05
32 5 5.83662910814303E-05
32 6 0.000196836737686595
32 7 0.000611897034281438
32 8 0.00175339056739979
32 9 0.00463134476020798
32 10 0.0112762237464489
32 11 0.0253074499084271
32 12 0.0523553678141718
32 13 0.099839448179973
32 14 0.175497630352733
32 15 0.284359976400291
32 16 0.424711294110811
32 17 0.5847190974966
32 18 0.742042662240824
32 19 0.86803772303136
32 20 0.936001298340071
32 21 0.93034157930064
32 22 0.852386453152742
32 23 0.71987778982811
32 24 0.560414209160748
32 25 0.402149589400622
32 26 0.266007724989865
32 27 0.162191838278509
32 28 0.0911573877160991
32 29 0.0472261860929727
32 30 0.0225528797819104
32 31 0.00992771414114024
32 32 0.00402832637767013
32 33 0.00150670477476175
32 34 0.000519469204875031
32 35 0.000165089547447105
32 36 4.8362358834206E-05
32 37 1.30594083225103E-05
32 38 3.25063086545044E-06
32 39 7.45830151364816E-07
32 40 1.5773945862416E-07
32 41 3.07516825908567E-08
32 42 5.52618664079354E-09
32 43 9.15398806362978E-10
32 44 1.39772992315958E-10
32 45 1.96727155150717E-11
33 0 9.39313697248274E-09
33 1 4.76007809406264E-08
33 2 2.22354349009124E-07
33 3 9.57426196997467E-07
33 4 3.80008326352957E-06
33 5 1.39030167668654E-05
33 6 4.68870715217075E-05
33 7 0.000145755616291279
33 8 0.000417662626933285
33 9 0.00110319951227451
33 10 0.002686028611876
33 11 0.00602830664557015
33 12 0.0124711977250756
33 13 0.0237820409061829
33 14 0.0418040353795151
33 15 0.0677353562555995
33 16 0.101167439864589
33 17 0.139281754344471
33 18 0.176756675535032
33 19 0.206769057858061
33 20 0.222958175061599
33 21 0.221610013867132
33 22 0.203040880797065
33 23 0.171476939799221
33 24 0.133492260720853
33 25 0.0957931775453133
33 26 0.0633637977011436
33 27 0.0386345578116109
33 28 0.0217139493765743
33 29 0.0112494120308186
33 30 0.005372160196226
33 31 0.00236480978324205
33 32 0.000959558816115569
33 33 0.000358901368548558
33 34 0.000123739044085767
33 35 3.93248003884485E-05
33 36 1.15200516136797E-05
33 37 3.11078825652789E-06
33 38 7.74309530173767E-07
33 39 1.776588662314E-07
33 40 3.75739882972571E-08
33 41 7.32513837607935E-09
33 42 1.31635339680209E-09
33 43 2.18050602795321E-10
33 44 3.32943248528939E-11
33 45 4.6860968649563E-12
34 0 2.01189790118261E-09
34 1 1.0195519510644E-08
34 2 4.76256493864413E-08
34 3 2.05069271524454E-07
34 4 8.13932508874456E-07
34 5 2.9778603607406E-06
34 6 1.00426514660085E-05
34 7 3.12191144833794E-05
34 8 8.94583529433395E-05
34 9 0.000236292176919476
34 10 0.000575315290576607
34 11 0.00129119137977417
34 12 0.00267118180026722
34 13 0.00509382949755302
34 14 0.00895392575317465
34 15 0.0145081053843589
34 16 0.0216688589262408
34 17 0.0298324904725206
34 18 0.0378591716027061
34 19 0.0442874659182346
34 20 0.0477549817246382
34 21 0.0474662216772174
34 22 0.0434889348602688
34 23 0.0367283151830887
34 24 0.0285924499935636
34 25 0.0205177560399281
34 26 0.0135717696845418
34 27 0.00827506146264079
34 28 0.00465086895944288
34 29 0.00240948987762502
34 30 0.00115065263662892
34 31 0.000506514048878311
34 32 0.000205526053102355
34 33 7.68723922827623E-05
34 34 2.65034273235661E-05
34 35 8.42290318960746E-06
34 36 2.46745764817177E-06
34 37 6.66293740064322E-07
34 38 1.65847865647651E-07
34 39 3.80524100888272E-08
34 40 8.04790012279896E-09
34 41 1.56895726825657E-09
34 42 2.81947196554158E-10
34 43 4.67038382811485E-11
34 44 7.13124725946849E-12
34 45 1.00370605421418E-12
35 0 3.87480233009183E-10
35 1 1.96359977974619E-09
35 2 9.17243251291451E-09
35 3 3.94951896249862E-08
35 4 1.56758828570296E-07
35 5 5.73519175983195E-07
35 6 1.93415825315569E-06
35 7 6.01262606181435E-06
35 8 1.72291762035874E-05
35 9 4.55085457950856E-05
35 10 0.000110802492867721
35 11 0.000248676205885128
35 12 0.000514454608143401
35 13 0.000981042944306814
35 14 0.0017244757972796
35 15 0.00279417959109591
35 16 0.0041733004944473
35 17 0.00574557006731888
35 18 0.00729146375943242
35 19 0.00852951713071356
35 20 0.00919734119466757
35 21 0.00914172763177623
35 22 0.00837572453506357
35 23 0.00707366716611836
35 24 0.00550674523756751
35 25 0.00395160454539153
35 26 0.0026138465956061
35 27 0.00159373034875408
35 28 0.000895731233200651
35 29 0.00046405421401683
35 30 0.000221609233496156
35 31 9.75517602391383E-05
35 32 3.958316319071E-05
35 33 1.48051908877629E-05
35 34 5.1044112073683E-06
35 35 1.6222038347992E-06
35 36 4.75218480963614E-07
35 37 1.28324431125916E-07
35 38 3.19413671973379E-08
35 39 7.32868040625358E-09
35 40 1.54998035088349E-09
35 41 3.02172355529647E-10
35 42 5.43014460887271E-11
35 43 8.9948968727315E-12
35 44 1.37343815912363E-12
35 45 1.93308147262855E-13
36 0 6.71029324039032E-11
36 1 3.40051677643917E-10
36 2 1.58846069156483E-09
36 3 6.8396857798472E-09
36 4 2.71471321145261E-08
36 5 9.93207271490171E-08
36 6 3.3495306202338E-07
36 7 1.04125270355743E-06
36 8 2.98370896803106E-06
36 9 7.88106492187227E-06
36 10 1.9188519970025E-05
36 11 4.30651713621051E-05
36 12 8.90920616182894E-05
36 13 0.000169894752735906
36 14 0.00029864073828581
36 15 0.000483889572300405
36 16 0.000722722547174263
36 17 0.000995004562826441
36 18 0.00126271886432748
36 19 0.00147712208959739
36 20 0.00159277431957874
36 21 0.00158314329111967
36 22 0.0014504886428536
36 23 0.00122500135299677
36 24 0.000953645430045078
36 25 0.000684329754416351
36 26 0.000452659920370628
36 27 0.000275998543285587
36 28 0.000155120667515712
36 29 8.03638376933152E-05
36 30 3.83777755574463E-05
36 31 1.68937886776112E-05
36 32 6.85492083890624E-06
36 33 2.56392878587149E-06
36 34 8.83970151328064E-07
36 35 2.80929515878823E-07
36 36 8.22972396747558E-08
36 37 2.22229287949448E-08
36 38 5.53153224691187E-09
36 39 1.2691639573237E-09
36 40 2.68422019634349E-10
36 41 5.23295110823204E-11
36 42 9.40379909970716E-12
36 43 1.55771547917047E-12
36 44 2.37848850344915E-13
36 45 3.34766587657022E-14
37 0 1.04491696125412E-11
37 1 5.29523454406262E-11
37 2 2.47352754855911E-10
37 3 1.06506577655841E-09
37 4 4.22731135282319E-09
37 5 1.54660770676042E-08
37 6 5.21583965400406E-08
37 7 1.62142334458633E-07
37 8 4.64618757549309E-07
37 9 1.22722779982864E-06
37 10 2.98800801392045E-06
37 11 6.70604493477565E-06
37 12 1.38732843652348E-05
37 13 2.64557601884321E-05
37 14 4.65038950724222E-05
37 15 7.53505701401037E-05
37 16 0.000112541288550192
37 17 0.000154940642230728
37 18 0.000196628718204062
37 19 0.000230015272055928
37 20 0.00024802446664477
37 21 0.000246524737105288
37 22 0.000225867951031009
37 23 0.000190755402998022
37 24 0.000148500259106205
37 25 0.000106562819516799
37 26 7.04875348260779E-05
37 27 4.29780858792638E-05
37 28 2.4155161439532E-05
37 29 1.25141382155653E-05
37 30 5.97613057709632E-06
37 31 2.63067584331858E-06
37 32 1.06743815747325E-06
37 33 3.99251207038004E-07
37 34 1.37650527521706E-07
37 35 4.37459296550228E-08
37 36 1.28152047190632E-08
37 37 3.46052167836851E-09
37 38 8.61362038805045E-10
37 39 1.97632338574639E-10
37 40 4.17982807966978E-11
37 41 8.14867424495322E-12
37 42 1.46434571895678E-12
37 43 2.42565155751468E-13
37 44 3.70374719906786E-14
37 45 5.21293590268846E-15
38 0 1.46308780578889E-12
38 1 7.41436245891886E-12
38 2 3.46342161891619E-11
38 3 1.49130008204232E-10
38 4 5.91906143830352E-10
38 5 2.16555282381907E-09
38 6 7.30319410794559E-09
38 7 2.27030932739235E-08
38 8 6.50556995165725E-08
38 9 1.71835858296279E-07
38 10 4.18379474242577E-07
38 11 9.38977252064769E-07
38 12 1.94253074011307E-06
38 13 3.70432307636327E-06
38 14 6.51145347669403E-06
38 15 1.0550551327917E-05
38 16 1.57579781964617E-05
38 17 2.169471572141E-05
38 18 2.75318604769302E-05
38 19 3.22066300164497E-05
38 20 3.47282689573459E-05
38 21 3.45182775338586E-05
38 22 3.16259240806432E-05
38 23 2.67094816491239E-05
38 24 2.07929363108444E-05
38 25 1.4920875779295E-05
38 26 9.86963141457455E-06
38 27 6.01777133473158E-06
38 28 3.38219432352066E-06
38 29 1.75222373662835E-06
38 30 8.36774987617925E-07
38 31 3.68345992079918E-07
38 32 1.49462187862128E-07
38 33 5.59029658933577E-08
38 34 1.92737620064756E-08
38 35 6.12528445842664E-09
38 36 1.79437892659393E-09
38 37 4.84540614903251E-10
38 38 1.20607506823562E-10
38 39 2.76723869283403E-11
38 40 5.85257558296214E-12
38 41 1.14097352834888E-12
38 42 2.0503699760921E-13
38 43 3.39638588183421E-14
38 44 5.18596937710446E-15
38 45 7.2991282890352E-16
39 0 1.84207511231627E-13
39 1 9.33492337590926E-13
39 2 4.36056041368183E-12
39 3 1.87759528529742E-11
39 4 7.45229077887832E-11
39 5 2.72650140707887E-10
39 6 9.19495880796274E-10
39 7 2.85839325070035E-09
39 8 8.19072406451972E-09
39 9 2.16346931960388E-08
39 10 5.2675335954336E-08
39 11 1.18220288639957E-07
39 12 2.44570935326893E-07
39 13 4.66386318028833E-07
39 14 8.1981316138138E-07
39 15 1.32834871191426E-06
39 16 1.98398068395309E-06
39 17 2.73143523861427E-06
39 18 3.46635073982942E-06
39 19 4.05491942248069E-06
39 20 4.37240196296075E-06
39 21 4.34596336006383E-06
39 22 3.98180665729388E-06
39 23 3.36281057186384E-06
39 24 2.61789827914884E-06
39 25 1.8785867682208E-06
39 26 1.24261868116109E-06
39 27 7.57656974752945E-07
39 28 4.25829260808818E-07
39 29 2.20610664902134E-07
39 30 1.05352691287631E-07
39 31 4.63759578917419E-08
39 32 1.88177753518159E-08
39 33 7.03836514591788E-09
39 34 2.42662929540941E-09
39 35 7.71193226550168E-10
39 36 2.25918140364873E-10
39 37 6.10052386526756E-11
39 38 1.5184877202801E-11
39 39 3.48404347691196E-12
39 40 7.36858292555547E-13
39 41 1.4365227651186E-13
39 42 2.58148245720855E-14
39 43 4.27616024137097E-15
39 44 6.52930404108426E-16
39 45 9.1898398097752E-17
40 0 2.08541556995902E-14
40 1 1.05680785882922E-13
40 2 4.93659597246526E-13
40 3 2.12562800282197E-12
40 4 8.43674783847067E-12
40 5 3.08667569949841E-11
40 6 1.04096245234787E-10
40 7 3.23599062286925E-10
40 8 9.2727290973001E-10
40 9 2.44926635947945E-09
40 10 5.9633814613491E-09
40 11 1.33837338644032E-08
40 12 2.76879065940376E-08
40 13 5.27996541905505E-08
40 14 9.28111519324691E-08
40 15 1.50382526078306E-07
40 16 2.246067047511E-07
40 17 3.09226129643455E-07
40 18 3.92426006705534E-07
40 19 4.5905794188476E-07
40 20 4.95000180541615E-07
40 21 4.9200706295588E-07
40 22 4.5078083646903E-07
40 23 3.80704211163762E-07
40 24 2.96372596068632E-07
40 25 2.12675046189648E-07
40 26 1.40677018428245E-07
40 27 8.57744421643625E-08
40 28 4.82081846010186E-08
40 29 2.49753613416678E-08
40 30 1.19269915368462E-08
40 31 5.25022807227403E-09
40 32 2.13036273321792E-09
40 33 7.96814210463852E-10
40 34 2.74719010171208E-10
40 35 8.73068829463956E-11
40 36 2.55762213116639E-11
40 37 6.90641080185833E-12
40 38 1.71908187320431E-12
40 39 3.94429003713659E-13
40 40 8.34198207160256E-14
40 41 1.62628924355424E-14
40 42 2.92249956250125E-15
40 43 4.84104643039312E-16
40 44 7.39183338249003E-17
40 45 1.04038292991409E-17
