0 0 33.70097
0 1 31.142893
0 2 32.040939
0 3 37.261463
0 4 44.289913
0 5 39.788898
0 6 40.530693
0 7 46.066223
0 8 44.121014
0 9 45.26926
0 10 36.756836
0 11 34.497562
0 12 34.157539
0 13 43.921238
0 14 34.514374
0 15 38.47448
0 16 38.596039
0 17 48.77293
0 18 26.329781
0 19 32.39019
0 20 38.774597
0 21 46.869774
0 22 31.83753
0 23 26.978485
0 24 26.413397
0 25 36.870102
0 26 36.837234
0 27 45.238918
0 28 15.618553
0 29 33.502071
0 30 37.321781
0 31 35.966026
0 32 39.128754
0 33 43.00639
0 34 37.814812
0 35 43.611332
0 36 43.468468
0 37 45.424206
0 38 38.816574
0 39 43.994667
0 40 37.982136
0 41 49.652462
0 42 32.449242
0 43 30.217356
0 44 26.49155
0 45 42.889114
1 0 35.549976
1 1 32.069431
1 2 33.474167
1 3 33.22385
1 4 29.718391
1 5 55.3825
1 6 39.764008
1 7 45.742699
1 8 32.231125
1 9 45.39785
1 10 38.436405
1 11 37.386036
1 12 52.518616
1 13 35.340755
1 14 41.543541
1 15 35.138802
1 16 33.101662
1 17 27.494108
1 18 44.321941
1 19 44.000813
1 20 38.611317
1 21 32.913288
1 22 37.583237
1 23 41.914894
1 24 30.707973
1 25 40.827766
1 26 48.51099
1 27 27.329857
1 28 41.711895
1 29 45.529045
1 30 46.190842
1 31 54.542332
1 32 51.474625
1 33 33.258839
1 34 27.18149
1 35 22.533514
1 36 31.66173
1 37 38.152599
1 38 35.64706
1 39 47.101189
1 40 37.206482
1 41 43.716778
1 42 41.374825
1 43 39.559574
1 44 30.328175
1 45 42.223934
2 0 47.217777
2 1 39.944443
2 2 33.690609
2 3 32.413204
2 4 37.37804
2 5 47.856808
2 6 41.063667
2 7 61.718773
2 8 52.116814
2 9 49.549885
2 10 50.522461
2 11 53.746494
2 12 28.895079
2 13 46.662693
2 14 61.496235
2 15 41.301422
2 16 46.340584
2 17 45.444786
2 18 45.798637
2 19 38.439392
2 20 32.640598
2 21 38.34013
2 22 31.001211
2 23 23.848541
2 24 32.759632
2 25 31.010689
2 26 29.718506
2 27 45.167248
2 28 57.277489
2 29 47.445675
2 30 31.539719
2 31 36.184345
2 32 52.055984
2 33 43.202335
2 34 45.26339
2 35 45.543709
2 36 33.495899
2 37 45.908512
2 38 41.252945
2 39 48.460217
2 40 21.056557
2 41 36.864498
2 42 29.151937
2 43 45.347679
2 44 35.620594
2 45 51.025688
3 0 37.664288
3 1 21.85424
3 2 26.332443
3 3 33.531315
3 4 45.844429
3 5 45.587711
3 6 28.814955
3 7 58.219864
3 8 60.532021
3 9 69.140137
3 10 66.559822
3 11 49.741173
3 12 45.810383
3 13 48.00259
3 14 54.017281
3 15 43.934414
3 16 48.762409
3 17 52.016514
3 18 42.387981
3 19 44.366409
3 20 47.791321
3 21 37.061012
3 22 35.280087
3 23 42.657513
3 24 39.463955
3 25 38.897778
3 26 36.274395
3 27 42.193199
3 28 43.723045
3 29 36.394939
3 30 34.499035
3 31 37.020908
3 32 42.991577
3 33 45.063
3 34 41.945728
3 35 35.263718
3 36 39.90316
3 37 33.475349
3 38 37.1161
3 39 26.122667
3 40 45.417435
3 41 48.779503
3 42 53.593433
3 43 27.6026
3 44 28.336294
3 45 41.059982
4 0 44.214069
4 1 26.53829
4 2 36.557579
4 3 58.524845
4 4 39.433739
4 5 61.989872
4 6 58.863934
4 7 64.228989
4 8 59.384224
4 9 72.498177
4 10 63.221436
4 11 67.551926
4 12 61.721176
4 13 47.733383
4 14 57.801338
4 15 46.481979
4 16 43.385056
4 17 31.518345
4 18 47.993977
4 19 45.806648
4 20 38.877838
4 21 45.112556
4 22 43.739029
4 23 34.238853
4 24 43.289146
4 25 40.094353
4 26 29.192814
4 27 35.302574
4 28 31.797724
4 29 37.979027
4 30 55.061268
4 31 36.554779
4 32 44.320053
4 33 48.916718
4 34 42.113174
4 35 43.341587
4 36 45.704166
4 37 43.987438
4 38 57.261005
4 39 44.364929
4 40 38.365337
4 41 41.06773
4 42 35.284409
4 43 30.701252
4 44 33.310635
4 45 45.864429
5 0 42.568752
5 1 51.457371
5 2 46.40728
5 3 45.417187
5 4 65.249672
5 5 63.681778
5 6 78.46048
5 7 78.91848
5 8 76.650383
5 9 84.10524
5 10 84.778465
5 11 60.642056
5 12 57.159008
5 13 44.78196
5 14 52.991386
5 15 45.995731
5 16 46.021481
5 17 50.278286
5 18 41.509731
5 19 44.374119
5 20 52.453812
5 21 48.777386
5 22 49.009274
5 23 45.715199
5 24 56.757935
5 25 49.7103
5 26 36.267097
5 27 41.278461
5 28 42.625111
5 29 45.632622
5 30 56.616188
5 31 53.469608
5 32 53.665813
5 33 42.142273
5 34 36.860012
5 35 53.778988
5 36 34.263435
5 37 56.171673
5 38 40.824158
5 39 37.411171
5 40 44.409981
5 41 44.122284
5 42 45.114613
5 43 29.23155
5 44 35.393452
5 45 36.97253
6 0 45.676888
6 1 35.45808
6 2 37.369328
6 3 42.341373
6 4 46.876869
6 5 76.062103
6 6 81.806953
6 7 91.395752
6 8 96.344284
6 9 118.008011
6 10 89.128891
6 11 60.664803
6 12 78.477539
6 13 72.711258
6 14 63.166904
6 15 48.829792
6 16 57.181141
6 17 57.727913
6 18 60.150864
6 19 48.018543
6 20 44.349705
6 21 49.863297
6 22 47.156788
6 23 49.325584
6 24 40.619587
6 25 43.612164
6 26 36.012695
6 27 42.602333
6 28 51.176418
6 29 39.686226
6 30 65.876122
6 31 47.125553
6 32 25.056839
6 33 37.30769
6 34 38.465271
6 35 33.251942
6 36 40.126228
6 37 28.924936
6 38 41.978268
6 39 30.177317
6 40 44.370701
6 41 36.95591
6 42 46.144161
6 43 50.203579
6 44 41.047443
6 45 34.726288
7 0 40.240318
7 1 42.476772
7 2 48.568192
7 3 60.635605
7 4 62.899883
7 5 60.649372
7 6 84.767563
7 7 106.336113
7 8 100.977371
7 9 95.24102
7 10 100.344391
7 11 75.057938
7 12 78.453888
7 13 63.078621
7 14 54.1572
7 15 57.418125
7 16 82.19696
7 17 61.768669
7 18 76.0541
7 19 73.984695
7 20 62.512226
7 21 65.57502
7 22 54.80003
7 23 69.443008
7 24 57.430916
7 25 66.567268
7 26 64.762436
7 27 33.366302
7 28 65.251747
7 29 43.428989
7 30 37.877174
7 31 49.98473
7 32 37.854542
7 33 34.653278
7 34 36.187019
7 35 47.748398
7 36 43.540298
7 37 50.155327
7 38 42.134514
7 39 28.76757
7 40 46.648499
7 41 37.262371
7 42 39.998547
7 43 46.651943
7 44 47.651562
7 45 42.411476
8 0 46.197495
8 1 52.462856
8 2 44.635162
8 3 58.403145
8 4 53.073105
8 5 70.670235
8 6 98.199242
8 7 78.552956
8 8 91.470901
8 9 90.378059
8 10 82.138817
8 11 81.684868
8 12 82.48233
8 13 74.723267
8 14 85.5569
8 15 62.916645
8 16 58.423512
8 17 56.722107
8 18 76.487854
8 19 77.883995
8 20 69.359428
8 21 69.597916
8 22 91.092682
8 23 71.089699
8 24 57.424061
8 25 72.910065
8 26 62.157696
8 27 55.238274
8 28 52.243748
8 29 54.559113
8 30 56.696083
8 31 48.731632
8 32 32.738613
8 33 34.514442
8 34 47.464191
8 35 40.382648
8 36 35.157551
8 37 33.394978
8 38 34.642525
8 39 33.965904
8 40 39.946037
8 41 41.314495
8 42 19.320042
8 43 33.494537
8 44 39.784695
8 45 51.303814
9 0 44.716145
9 1 52.807514
9 2 46.528049
9 3 25.516657
9 4 70.977493
9 5 74.582985
9 6 79.391418
9 7 79.257523
9 8 95.793793
9 9 122.415199
9 10 87.51165
9 11 102.477211
9 12 67.628082
9 13 67.55072
9 14 91.865738
9 15 78.388313
9 16 85.553223
9 17 88.408577
9 18 104.334618
9 19 101.062759
9 20 101.870773
9 21 92.537842
9 22 109.424164
9 23 94.716125
9 24 73.617615
9 25 80.669998
9 26 72.747192
9 27 64.464691
9 28 54.441471
9 29 50.069786
9 30 41.575813
9 31 49.212589
9 32 55.09425
9 33 39.095913
9 34 46.457809
9 35 57.957809
9 36 29.234842
9 37 32.124363
9 38 44.307098
9 39 31.681381
9 40 52.525368
9 41 48.795677
9 42 25.654129
9 43 36.248894
9 44 30.966993
9 45 45.226646
10 0 32.692123
10 1 33.945835
10 2 59.468857
10 3 50.464081
10 4 52.787193
10 5 46.667194
10 6 51.666706
10 7 74.801826
10 8 95.061996
10 9 80.35627
10 10 80.464058
10 11 91.095634
10 12 93.700676
10 13 93.36071
10 14 102.260811
10 15 102.639427
10 16 103.049294
10 17 110.737114
10 18 151.437424
10 19 143.215286
10 20 133.119797
10 21 120.230354
10 22 167.584045
10 23 135.511185
10 24 137.192139
10 25 104.365898
10 26 87.691612
10 27 67.021225
10 28 58.940735
10 29 57.544071
10 30 56.573238
10 31 53.420837
10 32 57.059681
10 33 43.443756
10 34 44.33717
10 35 29.4233
10 36 38.617947
10 37 41.30888
10 38 49.569008
10 39 42.299927
10 40 33.133026
10 41 34.099686
10 42 41.654385
10 43 40.339676
10 44 43.810078
10 45 50.169998
11 0 30.503473
11 1 46.328312
11 2 41.850498
11 3 40.452862
11 4 44.157772
11 5 57.382393
11 6 72.841484
11 7 70.075005
11 8 64.676407
11 9 74.302551
11 10 83.449997
11 11 82.43766
11 12 85.788902
11 13 106.850594
11 14 122.654106
11 15 155.385468
11 16 180.039383
11 17 186.846313
11 18 211.885452
11 19 200.264206
11 20 216.732162
11 21 255.277115
11 22 223.001541
11 23 175.389572
11 24 175.254684
11 25 157.100571
11 26 134.992584
11 27 82.964539
11 28 85.699074
11 29 62.684586
11 30 55.886234
11 31 61.042809
11 32 53.486843
11 33 35.349545
11 34 59.132927
11 35 36.103878
11 36 37.354683
11 37 26.110371
11 38 38.215122
11 39 40.788929
11 40 25.246403
11 41 30.932142
11 42 40.730118
11 43 34.568604
11 44 35.021091
11 45 27.162373
12 0 30.32905
12 1 55.064293
12 2 48.931725
12 3 39.20232
12 4 44.772858
12 5 44.806179
12 6 39.725555
12 7 59.099388
12 8 70.792252
12 9 61.499931
12 10 69.562843
12 11 83.267075
12 12 105.715736
12 13 139.650055
12 14 167.282166
12 15 232.643265
12 16 288.84552
12 17 319.051788
12 18 376.874207
12 19 406.666168
12 20 472.827209
12 21 420.90036
12 22 379.93576
12 23 344.581116
12 24 307.467224
12 25 210.607941
12 26 172.570511
12 27 99.159264
12 28 110.191216
12 29 69.437889
12 30 68.765671
12 31 46.417961
12 32 62.744873
12 33 64.437134
12 34 51.176537
12 35 42.65696
12 36 28.819265
12 37 37.184711
12 38 44.231659
12 39 44.713913
12 40 41.401791
12 41 36.571381
12 42 44.724575
12 43 28.338209
12 44 36.513584
12 45 39.215187
13 0 51.304749
13 1 54.844818
13 2 57.981941
13 3 55.191486
13 4 39.66415
13 5 48.158051
13 6 46.115753
13 7 58.648441
13 8 65.234306
13 9 86.701553
13 10 71.407089
13 11 97.600822
13 12 139.710663
13 13 180.762344
13 14 270.364136
13 15 355.509949
13 16 494.55069
13 17 571.974121
13 18 730.119751
13 19 806.078003
13 20 817.845215
13 21 748.077393
13 22 772.893799
13 23 657.327271
13 24 486.895721
13 25 360.504425
13 26 274.994934
13 27 178.875366
13 28 157.442719
13 29 84.806282
13 30 86.181854
13 31 54.606625
13 32 48.150497
13 33 55.991734
13 34 38.628483
13 35 37.957436
13 36 30.629061
13 37 45.956142
13 38 44.89032
13 39 47.551418
13 40 25.384325
13 41 28.557064
13 42 35.815773
13 43 36.312031
13 44 33.787991
13 45 39.733727
14 0 49.194698
14 1 37.917641
14 2 45.952225
14 3 47.627422
14 4 38.157997
14 5 60.665485
14 6 51.035442
14 7 53.098431
14 8 74.00782
14 9 63.128159
14 10 96.458382
14 11 124.236
14 12 199.615662
14 13 265.502777
14 14 438.501648
14 15 576.358643
14 16 846.733582
14 17 1153.115967
14 18 1360.865356
14 19 1658.325562
14 20 1713.842041
14 21 1690.279785
14 22 1474.202393
14 23 1249.174683
14 24 902.544739
14 25 657.800415
14 26 467.123871
14 27 302.158478
14 28 175.182602
14 29 113.384041
14 30 85.348984
14 31 89.585793
14 32 64.199692
14 33 49.828579
14 34 49.960407
14 35 50.486744
14 36 42.139
14 37 40.754627
14 38 21.045473
14 39 36.879635
14 40 42.54826
14 41 53.207142
14 42 30.349361
14 43 27.192799
14 44 40.180634
14 45 22.902906
15 0 29.776989
15 1 37.747036
15 2 39.469803
15 3 35.321232
15 4 47.745979
15 5 44.407326
15 6 54.705376
15 7 55.021828
15 8 56.824776
15 9 72.625107
15 10 95.441368
15 11 141.82019
15 12 209.507965
15 13 373.813202
15 14 627.062256
15 15 893.531616
15 16 1375.156006
15 17 1882.565674
15 18 2488.722656
15 19 2736.633301
15 20 3167.681885
15 21 3339.806152
15 22 2753.27124
15 23 2142.523682
15 24 1589.469971
15 25 1139.587524
15 26 679.00238
15 27 428.522491
15 28 255.123047
15 29 171.937302
15 30 122.22213
15 31 62.16074
15 32 52.794231
15 33 47.868187
15 34 52.195755
15 35 57.819084
15 36 35.932354
15 37 43.305443
15 38 36.315125
15 39 43.092503
15 40 39.753738
15 41 40.745453
15 42 34.322693
15 43 30.850897
15 44 32.384293
15 45 28.898815
16 0 32.768665
16 1 39.018494
16 2 31.290842
16 3 41.269745
16 4 34.90028
16 5 46.392574
16 6 57.994473
16 7 59.498959
16 8 66.772598
16 9 75.370621
16 10 115.036316
16 11 174.697693
16 12 295.794922
16 13 458.718628
16 14 839.033386
16 15 1345.10022
16 16 1901.605103
16 17 2912.140137
16 18 3799.317871
16 19 4471.265137
16 20 5047.478516
16 21 5633.351562
16 22 4860.359863
16 23 3909.983154
16 24 2703.467773
16 25 1797.713013
16 26 1074.292725
16 27 642.244629
16 28 378.156097
16 29 235.427399
16 30 171.584579
16 31 112.435493
16 32 81.058022
16 33 58.629616
16 34 48.493927
16 35 45.261101
16 36 47.387985
16 37 42.127121
16 38 38.840591
16 39 40.163544
16 40 27.744074
16 41 33.581139
16 42 39.547596
16 43 39.013191
16 44 31.958935
16 45 44.12418
17 0 47.266842
17 1 38.18515
17 2 36.047962
17 3 40.840111
17 4 38.002476
17 5 46.821758
17 6 48.706223
17 7 67.363838
17 8 57.661636
17 9 80.086098
17 10 120.628181
17 11 186.957245
17 12 332.72995
17 13 575.555603
17 14 925.125
17 15 1501.449951
17 16 2429.548584
17 17 3859.80249
17 18 5202.597168
17 19 6561.665039
17 20 7963.085938
17 21 7341.554199
17 22 6775.585938
17 23 5415.599121
17 24 3765.481201
17 25 2572.432129
17 26 1510.381836
17 27 876.657349
17 28 489.196808
17 29 268.406525
17 30 179.130569
17 31 105.520348
17 32 80.950706
17 33 66.758667
17 34 51.339306
17 35 46.243999
17 36 62.009655
17 37 32.990349
17 38 25.024281
17 39 44.574005
17 40 39.444225
17 41 48.599945
17 42 20.763699
17 43 35.168037
17 44 49.733452
17 45 31.396009
18 0 38.88686
18 1 40.194534
18 2 31.155535
18 3 39.561371
18 4 43.576103
18 5 43.525043
18 6 41.992512
18 7 54.493416
18 8 72.116493
18 9 95.107437
18 10 151.160156
18 11 203.614822
18 12 368.098816
18 13 578.190979
18 14 1019.734009
18 15 1785.459961
18 16 2863.580566
18 17 4374.814453
18 18 6180.367188
18 19 7637.274414
18 20 8555.624023
18 21 8927.504883
18 22 7742.988281
18 23 6037.328613
18 24 4285.702637
18 25 2860.322266
18 26 1653.561035
18 27 1013.429199
18 28 573.960205
18 29 317.728851
18 30 170.846771
18 31 141.508774
18 32 78.049805
18 33 72.906128
18 34 73.741417
18 35 54.002998
18 36 40.104069
18 37 35.792995
18 38 36.913776
18 39 33.842735
18 40 34.776798
18 41 29.320374
18 42 29.646788
18 43 32.424545
18 44 39.974228
18 45 41.029636
19 0 46.031651
19 1 29.934505
19 2 45.974365
19 3 22.36249
19 4 45.827877
19 5 56.606415
19 6 45.674969
19 7 64.458153
19 8 68.51268
19 9 90.003181
19 10 143.015656
19 11 230.901962
19 12 447.535492
19 13 691.50531
19 14 1141.225098
19 15 1892.05188
19 16 3016.89502
19 17 4585.365234
19 18 5833.548828
19 19 7628.456055
19 20 9069.561523
19 21 9377.769531
19 22 7310.459961
19 23 6100.55957
19 24 4515.148926
19 25 3172.535156
19 26 1857.120605
19 27 1079.571655
19 28 625.240601
19 29 390.766022
19 30 227.687851
19 31 152.027069
19 32 92.323822
19 33 74.797104
19 34 61.629383
19 35 39.771294
19 36 42.804764
19 37 46.37524
19 38 50.602402
19 39 41.314171
19 40 28.529768
19 41 39.366428
19 42 50.453964
19 43 39.016426
19 44 38.322048
19 45 42.308891
20 0 41.518139
20 1 51.869312
20 2 51.5186
20 3 41.216034
20 4 40.999027
20 5 53.865269
20 6 56.149765
20 7 65.399963
20 8 77.558792
20 9 86.834557
20 10 135.235916
20 11 252.05838
20 12 459.332947
20 13 743.64624
20 14 1276.816772
20 15 1724.526978
20 16 2772.227295
20 17 4024.928223
20 18 5461.751465
20 19 6620.337891
20 20 7298.012695
20 21 7750.941406
20 22 6853.462402
20 23 5707.458984
20 24 4202.205078
20 25 2993.052734
20 26 1787.721558
20 27 1095.258179
20 28 600.066101
20 29 364.073669
20 30 194.878876
20 31 116.706718
20 32 92.157745
20 33 62.025642
20 34 57.34148
20 35 57.406158
20 36 34.708946
20 37 44.352501
20 38 44.10149
20 39 37.814194
20 40 50.493408
20 41 36.569931
20 42 44.545895
20 43 50.530178
20 44 28.425049
20 45 36.293797
21 0 32.119274
21 1 32.364231
21 2 50.269543
21 3 46.191448
21 4 61.261887
21 5 53.588963
21 6 45.253201
21 7 61.64999
21 8 70.289726
21 9 100.110115
21 10 144.737579
21 11 302.531494
21 12 437.124359
21 13 717.887817
21 14 1097.661133
21 15 1607.262695
21 16 2319.321777
21 17 3149.654053
21 18 4231.345703
21 19 5200.346191
21 20 5992.719727
21 21 5799.743164
21 22 5538.242676
21 23 4625.151855
21 24 3572.489014
21 25 2476.89209
21 26 1594.303833
21 27 982.373352
21 28 528.352783
21 29 301.602966
21 30 215.526077
21 31 123.419319
21 32 76.337349
21 33 75.65612
21 34 53.472931
21 35 51.816204
21 36 32.673954
21 37 37.85046
21 38 38.777966
21 39 34.491543
21 40 24.01663
21 41 25.928188
21 42 43.803169
21 43 26.626261
21 44 50.951115
21 45 44.381535
22 0 50.064854
22 1 27.64134
22 2 55.184937
22 3 38.645691
22 4 43.263584
22 5 48.556301
22 6 48.602711
22 7 55.155018
22 8 83.794914
22 9 107.733284
22 10 142.704391
22 11 259.14212
22 12 359.212799
22 13 565.417114
22 14 907.081238
22 15 1304.60144
22 16 1837.443359
22 17 2393.848145
22 18 3115.598389
22 19 3819.827637
22 20 4254.093262
22 21 4164.882812
22 22 4043.354492
22 23 3652.214111
22 24 2641.628906
22 25 1859.027954
22 26 1222.012085
22 27 766.598877
22 28 449.780975
22 29 270.787079
22 30 146.623825
22 31 106.143089
22 32 79.00486
22 33 62.339664
22 34 44.753777
22 35 42.624866
22 36 38.147907
22 37 36.006702
22 38 38.760433
22 39 26.26461
22 40 30.695538
22 41 50.420052
22 42 43.877773
22 43 41.33168
22 44 20.661997
22 45 42.108559
23 0 41.284233
23 1 19.295362
23 2 56.610069
23 3 34.98629
23 4 32.339481
23 5 57.236004
23 6 54.355007
23 7 40.542694
23 8 86.622902
23 9 86.474899
23 10 153.905533
23 11 215.141312
23 12 283.002319
23 13 437.218597
23 14 656.49054
23 15 988.24646
23 16 1367.066528
23 17 1747.655884
23 18 2168.073975
23 19 2685.667236
23 20 2865.009033
23 21 2760.886963
23 22 2893.462646
23 23 2218.824707
23 24 1790.767212
23 25 1332.539062
23 26 809.224243
23 27 512.964661
23 28 333.69635
23 29 202.458557
23 30 127.973045
23 31 94.702843
23 32 68.508636
23 33 63.237164
23 34 47.0518
23 35 58.011044
23 36 53.227528
23 37 48.932758
23 38 29.205725
23 39 41.468975
23 40 42.510811
23 41 26.388958
23 42 36.105068
23 43 39.416683
23 44 44.261768
23 45 33.467533
24 0 37.823223
24 1 46.058914
24 2 28.812614
24 3 47.509647
24 4 29.483107
24 5 41.186359
24 6 48.213268
24 7 66.875893
24 8 83.719566
24 9 102.055061
24 10 127.543655
24 11 158.162399
24 12 240.985367
24 13 331.212616
24 14 524.866211
24 15 710.803162
24 16 886.235718
24 17 1137.459351
24 18 1491.27832
24 19 1522.140015
24 20 1785.365356
24 21 1765.111328
24 22 1625.299316
24 23 1310.847412
24 24 1092.020508
24 25 785.00415
24 26 539.145752
24 27 352.493286
24 28 232.359818
24 29 126.8451
24 30 112.318443
24 31 90.629768
24 32 54.057091
24 33 59.833672
24 34 48.814442
24 35 38.660816
24 36 30.237146
24 37 35.127235
24 38 39.785625
24 39 42.506935
24 40 31.79841
24 41 23.763252
24 42 32.807838
24 43 37.058411
24 44 26.39608
24 45 42.575336
25 0 44.671169
25 1 38.509899
25 2 62.003414
25 3 46.285172
25 4 42.094585
25 5 38.036297
25 6 34.067478
25 7 60.467663
25 8 73.031837
25 9 73.326935
25 10 117.455238
25 11 133.962875
25 12 192.976562
25 13 239.936249
25 14 297.69342
25 15 443.374268
25 16 608.196533
25 17 726.082275
25 18 825.189819
25 19 918.041321
25 20 989.743408
25 21 1058.587524
25 22 890.119751
25 23 785.716797
25 24 664.954773
25 25 448.262573
25 26 308.035004
25 27 234.090637
25 28 166.469528
25 29 114.467201
25 30 90.748817
25 31 72.635422
25 32 50.412266
25 33 55.546822
25 34 48.665504
25 35 44.920406
25 36 42.213989
25 37 51.332111
25 38 32.996418
25 39 38.101509
25 40 41.621239
25 41 39.063164
25 42 29.946148
25 43 44.82066
25 44 38.80452
25 45 34.642002
26 0 53.541248
26 1 42.853867
26 2 45.043251
26 3 32.848869
26 4 26.532127
26 5 50.607479
26 6 38.773857
26 7 58.07177
26 8 58.616673
26 9 80.880608
26 10 87.848778
26 11 123.24102
26 12 140.48558
26 13 153.50882
26 14 204.63443
26 15 317.556763
26 16 352.661652
26 17 479.729706
26 18 472.046875
26 19 519.138062
26 20 605.037415
26 21 536.629883
26 22 484.526855
26 23 413.917145
26 24 346.736908
26 25 303.586578
26 26 149.506378
26 27 129.552658
26 28 108.666702
26 29 95.113754
26 30 77.991776
26 31 53.767735
26 32 46.468925
26 33 44.735699
26 34 40.951694
26 35 45.842102
26 36 47.016609
26 37 44.424911
26 38 37.012554
26 39 33.044231
26 40 35.740753
26 41 37.094536
26 42 38.611214
26 43 27.717327
26 44 27.023418
26 45 34.00042
27 0 52.638058
27 1 36.648273
27 2 27.66029
27 3 39.922508
27 4 38.508869
27 5 47.360973
27 6 37.734146
27 7 53.367695
27 8 57.142109
27 9 70.558464
27 10 69.473854
27 11 102.51712
27 12 118.459572
27 13 139.600266
27 14 152.75676
27 15 181.626984
27 16 235.582428
27 17 243.704498
27 18 263.961761
27 19 339.724854
27 20 315.993958
27 21 302.786072
27 22 269.459961
27 23 226.710648
27 24 220.77536
27 25 171.570084
27 26 134.066147
27 27 112.088341
27 28 88.403557
27 29 79.307541
27 30 67.763008
27 31 62.413006
27 32 59.773144
27 33 46.009724
27 34 36.521805
27 35 40.959286
27 36 32.139435
27 37 44.510845
27 38 41.95467
27 39 30.208197
27 40 29.37558
27 41 34.737564
27 42 19.951948
27 43 26.974148
27 44 42.208317
27 45 28.6047
28 0 49.131855
28 1 34.229336
28 2 32.339867
28 3 39.063904
28 4 33.778236
28 5 34.83065
28 6 42.431496
28 7 40.740406
28 8 40.126095
28 9 57.10862
28 10 71.17701
28 11 75.880188
28 12 78.948471
28 13 84.010284
28 14 109.539108
28 15 125.068306
28 16 157.230087
28 17 133.521225
28 18 178.379364
28 19 186.05098
28 20 183.259842
28 21 160.138382
28 22 173.845917
28 23 140.197342
28 24 136.613647
28 25 120.217674
28 26 103.851318
28 27 85.68663
28 28 75.3946
28 29 68.184715
28 30 63.04969
28 31 42.798592
28 32 42.802193
28 33 40.908077
28 34 55.258255
28 35 30.869982
28 36 24.90119
28 37 28.129736
28 38 31.676704
28 39 38.658916
28 40 32.729042
28 41 37.327629
28 42 45.965645
28 43 37.306828
28 44 29.90955
28 45 42.402546
29 0 34.086151
29 1 35.279224
29 2 28.523605
29 3 40.308643
29 4 44.580772
29 5 48.518158
29 6 39.138992
29 7 52.213345
29 8 43.65202
29 9 48.595955
29 10 58.571991
29 11 68.154182
29 12 84.586395
29 13 82.982285
29 14 94.781349
29 15 101.08062
29 16 121.626732
29 17 112.994125
29 18 115.120117
29 19 126.440727
29 20 97.385597
29 21 92.322823
29 22 108.507088
29 23 98.743057
29 24 92.890633
29 25 93.605545
29 26 71.590996
29 27 64.741928
29 28 58.281563
29 29 61.672241
29 30 32.847992
29 31 55.534325
29 32 42.844296
29 33 44.322258
29 34 49.885372
29 35 49.500988
29 36 34.930984
29 37 37.356804
29 38 33.596348
29 39 36.567867
29 40 45.230595
29 41 46.067776
29 42 35.521938
29 43 46.877796
29 44 31.959772
29 45 27.32078
30 0 24.287365
30 1 44.621346
30 2 32.795269
30 3 50.304901
30 4 38.442772
30 5 41.946648
30 6 44.424007
30 7 30.481945
30 8 49.589497
30 9 46.306629
30 10 45.196522
30 11 42.102947
30 12 42.259022
30 13 64.542221
30 14 54.242851
30 15 75.068939
30 16 81.574486
30 17 86.369232
30 18 78.916794
30 19 83.919083
30 20 86.818748
30 21 91.013252
30 22 83.574974
30 23 80.95237
30 24 67.827408
30 25 66.824448
30 26 66.987259
30 27 56.557343
30 28 50.983025
30 29 51.532883
30 30 64.552994
30 31 40.176182
30 32 53.213509
30 33 28.398932
30 34 45.995361
30 35 44.634998
30 36 31.929907
30 37 46.145523
30 38 34.689785
30 39 47.028465
30 40 44.942757
30 41 35.916924
30 42 34.869827
30 43 41.935658
30 44 33.770325
30 45 44.476021
31 0 43.854424
31 1 44.829792
31 2 40.182556
31 3 25.335346
31 4 38.658962
31 5 37.486492
31 6 37.618793
31 7 41.013168
31 8 42.532532
31 9 41.343143
31 10 53.040455
31 11 44.794937
31 12 47.685291
31 13 62.869663
31 14 55.409748
31 15 56.099361
31 16 52.135746
31 17 68.866776
31 18 63.817181
31 19 57.61132
31 20 78.654152
31 21 61.788132
31 22 78.426849
31 23 63.111217
31 24 58.355358
31 25 46.92123
31 26 67.026779
31 27 46.567421
31 28 41.599499
31 29 36.871078
31 30 33.150414
31 31 35.352047
31 32 42.873795
31 33 32.562115
31 34 34.3339
31 35 30.896109
31 36 35.709763
31 37 33.662968
31 38 29.935318
31 39 32.486729
31 40 44.857147
31 41 35.513882
31 42 34.238235
31 43 40.012337
31 44 23.123257
31 45 46.480076
32 0 37.283787
32 1 33.38102
32 2 37.330452
32 3 43.025135
32 4 33.923016
32 5 54.099163
32 6 24.950232
32 7 53.376366
32 8 45.478325
32 9 40.551403
32 10 43.052727
32 11 53.649548
32 12 47.884686
32 13 55.537128
32 14 49.055073
32 15 49.625278
32 16 52.154091
32 17 55.145039
32 18 60.443306
32 19 53.459442
32 20 71.794693
32 21 51.296745
32 22 56.689621
32 23 59.368725
32 24 57.478077
32 25 69.084747
32 26 48.604492
32 27 43.72123
32 28 49.049229
32 29 43.67083
32 30 49.515652
32 31 48.791149
32 32 39.876358
32 33 21.866985
32 34 34.992935
32 35 53.016308
32 36 48.392365
32 37 41.950039
32 38 37.360023
32 39 42.811981
32 40 44.149212
32 41 45.043842
32 42 34.549759
32 43 46.921116
32 44 33.970619
32 45 28.084763
33 0 15.145586
33 1 32.388729
33 2 26.325422
33 3 40.568695
33 4 52.859089
33 5 30.780254
33 6 39.421864
33 7 60.418571
33 8 40.769249
33 9 33.870972
33 10 39.422703
33 11 44.655453
33 12 48.8866
33 13 41.451923
33 14 52.604332
33 15 30.254684
33 16 59.866402
33 17 56.231842
33 18 50.100109
33 19 42.004704
33 20 63.010777
33 21 67.94886
33 22 60.654728
33 23 49.064873
33 24 42.764664
33 25 40.600391
33 26 44.252106
33 27 52.890537
33 28 48.762436
33 29 50.413937
33 30 49.461922
33 31 37.601059
33 32 41.761223
33 33 30.196793
33 34 42.314312
33 35 44.377689
33 36 43.858768
33 37 32.991997
33 38 51.303299
33 39 40.882149
33 40 33.73917
33 41 45.479374
33 42 31.664326
33 43 22.391541
33 44 38.289272
33 45 37.550381
34 0 30.326794
34 1 19.828876
34 2 46.241329
34 3 39.938206
34 4 37.044918
34 5 32.944466
34 6 46.909515
34 7 33.201794
34 8 56.759975
34 9 46.794899
34 10 50.361874
34 11 41.634007
34 12 42.961193
34 13 45.095852
34 14 40.714615
34 15 36.886944
34 16 56.790581
34 17 53.381397
34 18 50.915554
34 19 51.520416
34 20 48.615368
34 21 61.210194
34 22 40.236507
34 23 44.97768
34 24 42.176731
34 25 44.280231
34 26 47.001896
34 27 38.423004
34 28 45.598598
34 29 35.884796
34 30 57.633286
34 31 35.46217
34 32 39.087975
34 33 40.162548
34 34 44.583019
34 35 42.87331
34 36 40.291321
34 37 38.334862
34 38 24.163408
34 39 38.132957
34 40 36.749302
34 41 28.532036
34 42 49.425674
34 43 36.320526
34 44 40.374622
34 45 48.26664
35 0 28.882689
35 1 47.093987
35 2 34.498905
35 3 35.175278
35 4 31.219467
35 5 35.048309
35 6 34.958023
35 7 36.438828
35 8 22.934061
35 9 41.85228
35 10 30.939835
35 11 44.400032
35 12 53.807827
35 13 36.624977
35 14 46.432739
35 15 42.976109
35 16 49.884987
35 17 62.668171
35 18 45.249298
35 19 20.208847
35 20 33.610855
35 21 48.500065
35 22 42.165615
35 23 42.668301
35 24 39.301899
35 25 38.642162
35 26 55.019543
35 27 45.478638
35 28 50.594177
35 29 42.144283
35 30 27.803293
35 31 37.235279
35 32 35.488621
35 33 49.782566
35 34 38.788673
35 35 38.192776
35 36 28.742893
35 37 33.408611
35 38 35.618099
35 39 26.801325
35 40 49.329422
35 41 44.172409
35 42 29.880121
35 43 34.641041
35 44 33.671467
35 45 29.458532
36 0 52.938057
36 1 29.784744
36 2 29.278135
36 3 37.140442
36 4 35.605919
36 5 46.382732
36 6 33.958523
36 7 35.294292
36 8 39.868767
36 9 39.699425
36 10 46.239326
36 11 37.105839
36 12 44.519287
36 13 37.449043
36 14 21.601265
36 15 46.895313
36 16 45.6647
36 17 36.163937
36 18 37.140865
36 19 45.996223
36 20 38.589054
36 21 44.270454
36 22 48.578197
36 23 44.778965
36 24 38.611053
36 25 50.011059
36 26 51.765247
36 27 35.504475
36 28 48.757511
36 29 39.627762
36 30 50.357735
36 31 35.751202
36 32 36.427486
36 33 35.016171
36 34 44.00848
36 35 32.022369
36 36 25.870586
36 37 43.719513
36 38 37.714432
36 39 42.731602
36 40 42.715416
36 41 30.915665
36 42 36.247524
36 43 49.819096
36 44 46.087242
36 45 31.400747
37 0 43.33733
37 1 42.77264
37 2 32.053917
37 3 19.819035
37 4 45.25032
37 5 45.582729
37 6 43.356148
37 7 43.357723
37 8 35.905357
37 9 51.449818
37 10 40.546921
37 11 47.262383
37 12 40.540455
37 13 31.737968
37 14 37.454384
37 15 25.508554
37 16 40.264904
37 17 43.256012
37 18 44.180305
37 19 43.80899
37 20 30.799606
37 21 38.007431
37 22 46.77713
37 23 41.015217
37 24 26.593662
37 25 45.046898
37 26 34.425217
37 27 42.59584
37 28 28.175835
37 29 34.678352
37 30 37.48362
37 31 40.024231
37 32 42.290714
37 33 36.943935
37 34 34.956696
37 35 35.782242
37 36 33.462265
37 37 54.460026
37 38 35.335976
37 39 36.361431
37 40 35.890064
37 41 50.337189
37 42 40.294186
37 43 35.381302
37 44 47.656708
37 45 35.088795
38 0 38.645084
38 1 22.493559
38 2 41.226074
38 3 46.338184
38 4 35.333107
38 5 35.655415
38 6 44.764343
38 7 41.628056
38 8 33.154053
38 9 38.893761
38 10 35.782459
38 11 32.813049
38 12 29.987078
38 13 36.053215
38 14 42.032043
38 15 40.874886
38 16 23.761087
38 17 44.032387
38 18 35.643063
38 19 51.656521
38 20 31.455631
38 21 37.711967
38 22 46.332676
38 23 29.157627
38 24 47.195911
38 25 42.222694
38 26 38.079372
38 27 27.58094
38 28 36.46228
38 29 30.033388
38 30 26.082052
38 31 18.939451
38 32 29.392832
38 33 40.827049
38 34 41.363068
38 35 35.947968
38 36 34.582275
38 37 34.724575
38 38 26.467192
38 39 44.688156
38 40 36.894489
38 41 35.582214
38 42 36.277878
38 43 29.099346
38 44 42.339081
38 45 37.762852
39 0 43.887348
39 1 33.050373
39 2 36.896633
39 3 40.278812
39 4 36.047596
39 5 25.649727
39 6 31.204258
39 7 37.732044
39 8 31.918528
39 9 49.48658
39 10 54.489555
39 11 33.976135
39 12 37.407104
39 13 34.388638
39 14 34.253529
39 15 37.557213
39 16 39.777264
39 17 44.755901
39 18 29.917601
39 19 37.943977
39 20 46.442219
39 21 28.466242
39 22 36.452263
39 23 41.611973
39 24 22.565155
39 25 54.586906
39 26 30.642761
39 27 34.045265
39 28 31.579119
39 29 29.240637
39 30 50.799477
39 31 37.266693
39 32 37.803204
39 33 36.808529
39 34 28.029493
39 35 33.559536
39 36 31.936327
39 37 26.405529
39 38 34.642548
39 39 10.161072
39 40 40.424721
39 41 53.681553
39 42 54.080341
39 43 41.129257
39 44 27.143093
39 45 24.403513
40 0 36.05389
40 1 30.521351
40 2 27.826582
40 3 45.025314
40 4 33.327114
40 5 27.779459
40 6 31.431807
40 7 29.605936
40 8 39.216675
40 9 46.222061
40 10 42.121872
40 11 35.812355
40 12 30.970461
40 13 29.014053
40 14 43.65678
40 15 41.2183
40 16 41.27037
40 17 36.287739
40 18 49.385475
40 19 41.680042
40 20 29.809963
40 21 24.161282
40 22 34.094025
40 23 32.87056
40 24 37.812328
40 25 28.04479
40 26 37.643185
40 27 41.670547
40 28 22.518677
40 29 26.416616
40 30 31.572151
40 31 36.168198
40 32 23.681341
40 33 43.671616
40 34 47.832363
40 35 41.207077
40 36 24.639387
40 37 24.602699
40 38 30.073465
40 39 36.376728
40 40 40.590729
40 41 32.326828
40 42 43.422783
40 43 37.565617
40 44 36.982475
40 45 57.002266
