1 0.1 2.35580046176789
1.3 0.1 0.914189474068619
1.6 0.1 0.272002893031042
1.9 0.1 0.0339651851735551
10 0.1 -0.498755453842506
10.3 0.1 -0.498755768148746
10.6 0.1 -0.498755901636394
10.9 0.1 -0.498756060444438
11.2 0.1 -0.498756106118298
11.5 0.1 -0.498756160258079
11.8 0.1 -0.498756181658575
2.2 0.1 -0.230281981614992
2.5 0.1 -0.333190860630539
2.8 0.1 -0.377694110014489
3.1 0.1 -0.433159025232552
3.4 0.1 -0.457073042137951
3.7 0.1 -0.472232573254511
4 0.1 -0.481897860717705
4.3 0.1 -0.486312994328678
4.6 0.1 -0.490891659977104
4.9 0.1 -0.494522496554039
5.2 0.1 -0.496112227852873
5.5 0.1 -0.497114355430414
5.8 0.1 -0.497564922710781
6.1 0.1 -0.498023340106863
6.4 0.1 -0.49837592965588
6.7 0.1 -0.498525072861475
7 0.1 -0.498616376925698
7.3 0.1 -0.498671980312259
7.6 0.1 -0.498696269160455
7.9 0.1 -0.498726006207381
8.2 0.1 -0.498734819822249
8.5 0.1 -0.498745528046109
8.8 0.1 -0.498749886531025
9.1 0.1 -0.498751758763411
9.4 0.1 -0.498754012163699
9.7 0.1 -0.498754668247593
