101 0.0158172450069584
101.1 0.0159444649822781
101.2 0.016073225105597
101.3 0.0162035503230482
101.4 0.0163354660875835
101.5 0.0164689983713714
101.6 0.016604173678552
101.7 0.016741019058357
101.8 0.0168795621186099
101.9 0.017019831039617
102 0.0171618545884628
102.1 0.0173056621337236
102.2 0.0174512836606128
102.3 0.0175987497865729
102.4 0.0177480917773292
102.5 0.0178993415634204
102.6 0.0180525317572227
102.7 0.0182076956704852
102.8 0.018364867332392
102.9 0.0185240815081717
103 0.0186853737182715
103.1 0.0188487802581159
103.2 0.0190143382184717
103.3 0.0191820855064385
103.4 0.0193520608670886
103.5 0.0195243039057785
103.6 0.0196988551111558
103.7 0.019875755878887
103.8 0.0200550485361314
103.9 0.0202367763667884
104 0.0204209836375463
104.1 0.0206077156247612
104.2 0.0207970186421976
104.3 0.0209889400696609
104.4 0.0211835283825557
104.5 0.0213808331824035
104.6 0.021580905228357
104.7 0.021783796469746
104.8 0.0219895600796957
104.9 0.022198250489857
105 0.0224099234262913
105.1 0.0226246359465537
105.2 0.0228424464780198
105.3 0.0230634148575061
105.4 0.0232876023722313
105.5 0.0235150718021729
105.6 0.0237458874638718
105.7 0.0239801152557437
105.8 0.0242178227049544
105.9 0.0244590790159231
106 0.0247039551205174
106.1 0.024952523730008
106.2 0.0252048593888533
106.3 0.0254610385303895
106.4 0.0257211395345019
106.5 0.0259852427873586
106.6 0.0262534307432929
106.7 0.02652578798892
106.8 0.0268024013095845
106.9 0.0270833597582317
107 0.0273687547268079
107.1 0.0276586800202942
107.2 0.0279532319334849
107.3 0.0282525093306297
107.4 0.0285566137280594
107.5 0.0288656493799256
107.6 0.0291797233671872
107.7 0.0294989456899872
107.8 0.0298234293635651
107.9 0.0301532905178636
108 0.0304886485009894
108.1 0.0308296259867019
108.2 0.0311763490861095
108.3 0.0315289474637602
108.4 0.031887554458329
108.5 0.0322523072081067
108.6 0.0326233467815128
108.7 0.0330008183128616
108.8 0.0333848711436247
108.9 0.0337756589694457
109 0.0341733399931745
109.1 0.0345780770842074
109.2 0.0349900379444271
109.3 0.03540939528106
109.4 0.0358363269867798
109.5 0.0362710163274069
109.6 0.0367136521375717
109.7 0.0371644290247292
109.799999999999 0.0376235475819337
109.899999999999 0.0380912146098076
109.999999999999 0.0385676433481577
110.099999999999 0.0390530537177225
110.199999999999 0.0395476725725589
110.299999999999 0.040051733963605
110.399999999999 0.0405654794139887
110.499999999999 0.0410891582066826
110.599999999999 0.0416230276851405
110.699999999999 0.0421673535675893
110.799999999999 0.0427224102756878
110.899999999999 0.043288481278307
110.999999999999 0.0438658594512312
111.099999999999 0.0444548474536256
111.199999999999 0.0450557581221694
111.299999999999 0.0456689148838052
111.399999999999 0.0462946521881161
111.499999999999 0.0469333159604003
111.599999999999 0.0475852640765839
111.699999999999 0.0482508668611786
111.799999999999 0.0489305076095704
111.899999999999 0.0496245831360037
111.999999999999 0.0503335043487138
112.099999999999 0.051057696853752
112.199999999999 0.0517976015891485
112.299999999999 0.0525536754911637
112.399999999999 0.053326392194492
112.499999999999 0.0541162427684085
112.599999999999 0.0549237364909749
112.699999999999 0.0557494016635679
112.799999999999 0.0565937864681413
112.899999999999 0.0574574598697973
112.999999999999 0.0583410125674203
113.099999999999 0.0592450579953114
113.199999999999 0.0601702333789681
113.299999999999 0.0611172008483735
113.399999999999 0.0620866486123915
113.499999999999 0.0630792921981248
113.599999999999 0.0640958757593626
113.699999999999 0.0651371734585438
113.799999999999 0.0662039909269835
113.899999999999 0.0672971668084536
113.999999999999 0.0684175743915867
114.099999999999 0.0695661233369759
114.199999999999 0.0707437615052838
114.299999999999 0.0719514768931483
114.399999999999 0.0731902996841916
114.499999999999 0.074461304422995
114.599999999999 0.0757656123205138
114.699999999999 0.0771043937000643
114.799999999999 0.0784788705937332
114.899999999999 0.0798903194998419
114.999999999999 0.0813400743129459
115.099999999999 0.0828295294387785
115.199999999999 0.0843601431075527
115.299999999999 0.0859334409001423
115.399999999999 0.0875510195028594
115.499999999999 0.0892145507078619
115.599999999999 0.0909257856776601
115.699999999999 0.0926865594937608
115.799999999999 0.0944987960112089
115.899999999999 0.0963645130426707
115.999999999999 0.0982858278977711
116.099999999999 0.100264963305666
116.199999999999 0.102304253751323
116.299999999999 0.104406152258729
116.399999999999 0.106573237657256
116.499999999999 0.108808222370736
116.599999999999 0.111113960772469
116.699999999999 0.113493458153422
116.799999999999 0.115949880355345
116.899999999999 0.118486564125454
116.999999999999 0.121107028254819
117.099999999999 0.123814985568607
117.199999999999 0.126614355843066
117.299999999999 0.129509279731568
117.399999999999 0.132504133790294
117.499999999999 0.135603546703347
117.599999999999 0.138812416817322
117.699999999999 0.142135931106758
117.799999999999 0.145579585704644
117.899999999999 0.14914920814638
117.999999999999 0.152850981491471
118.099999999999 0.156691470505087
118.199999999999 0.160677650101525
118.299999999999 0.16481693627408
118.399999999999 0.169117219760945
118.499999999999 0.173586902725129
118.599999999999 0.178234938758258
118.699999999999 0.183070876554134
118.799999999999 0.188104907638572
118.899999999999 0.19334791858799
118.999999999999 0.198811548221335
119.099999999999 0.204508250308927
119.199999999999 0.210451362408906
119.299999999999 0.216655181518213
119.399999999999 0.223135047311924
119.499999999999 0.229907433843851
119.599999999999 0.236990050694522
119.699999999999 0.244401954682191
119.799999999999 0.252163673400964
119.899999999999 0.260297342020475
119.999999999999 0.268826854977394
120.099999999999 0.277778034414548
120.199999999999 0.287178817483487
120.299999999999 0.29705946492677
120.399999999999 0.307452793703831
120.499999999999 0.318394436827224
120.599999999999 0.329923134043777
120.699999999999 0.342081057539128
120.799999999999 0.354914177477751
120.899999999999 0.368472672929823
120.999999999999 0.382811394600248
121.099999999999 0.397990386786411
121.199999999999 0.414075477176785
121.299999999999 0.431138944494432
121.399999999999 0.449260275625953
121.499999999999 0.468527025803122
121.599999999999 0.489035797675235
121.699999999999 0.510893357789486
121.799999999999 0.534217912160238
121.899999999999 0.559140566345509
121.999999999999 0.585806999865183
122.099999999999 0.614379390012241
122.199999999999 0.645038626265898
122.299999999999 0.677986863772107
122.399999999999 0.713450472887381
122.499999999999 0.751683451771962
122.599999999999 0.792971380653727
122.699999999999 0.837636009829321
122.799999999999 0.886040588830627
122.899999999999 0.938596061450276
122.999999999999 0.995768270255711
123.099999999999 1.058086334209
123.199999999999 1.12615238278309
123.299999999999 1.20065284719743
123.399999999999 1.28237152004683
123.499999999999 1.37220459190433
123.599999999999 1.47117784638798
123.699999999999 1.58046612595797
123.799999999999 1.7014150413086
123.899999999999 1.83556464388098
123.999999999999 1.98467434639024
124.099999999999 2.15074765826402
124.199999999999 2.33605414985926
124.299999999999 2.54314425192566
124.399999999999 2.77484973024296
124.499999999999 3.03425855252623
124.599999999999 3.32464692532506
124.699999999999 3.64934311905894
124.799999999999 4.01148728642967
124.899999999999 4.41363983451789
124.999999999999 4.85718140257039
125.099999999999 5.34144792155245
125.199999999999 5.86256935546417
125.299999999999 6.41205345109619
125.399999999999 6.97530200545043
125.499999999999 7.53047537942265
125.599999999999 8.04838049992814
125.699999999999 8.49418916521328
125.799999999999 8.83153753229941
125.899999999999 9.02871950092703
125.999999999999 9.06545395658313
126.099999999999 8.93781639392648
126.199999999999 8.65924460106584
126.299999999999 8.25716358972228
126.399999999999 7.76671916642195
126.499999999999 7.22407061268562
126.599999999999 6.66125720538037
126.699999999999 6.10345613858901
126.799999999999 5.56837933835181
126.899999999999 5.06705178739446
126.999999999999 4.60520799396238
127.099999999999 4.18477312216168
127.199999999999 3.80514915702048
127.299999999999 3.46421029074104
127.399999999998 3.15901415144487
127.499999999998 2.88627848748846
127.599999999998 2.64268198134701
127.699999999998 2.42504144509066
127.799999999998 2.23040633050425
127.899999999998 2.05610030061767
127.999999999998 1.89973041348303
128.099999999998 1.7591775832867
128.199999999998 1.6325771132275
128.299999999998 1.51829478068225
128.399999999998 1.41490176560654
128.499999999998 1.32115030167534
128.599999999998 1.23595104104145
128.699999999998 1.15835257844906
128.799999999998 1.08752325677885
128.899999999998 1.02273519275804
128.999999999998 0.963350365468379
129.099999999998 0.908808567209696
129.199999999998 0.858617004457781
129.299999999998 0.812341342434058
129.399999999998 0.769598001749867
129.499999999998 0.730047534605208
129.599999999998 0.693388928121952
129.699999999998 0.659354701901137
129.799999999998 0.627706684947201
129.899999999998 0.598232373319762
129.999999999998 0.57074178416067
130.099999999998 0.545064734164021
130.199999999998 0.521048481254274
130.299999999998 0.498555677392079
130.399999999998 0.477462588226579
130.499999999998 0.457657541937281
130.599999999998 0.439039575224207
130.699999999998 0.421517249160185
130.799999999998 0.405007611643633
130.899999999998 0.389435286596359
130.999999999998 0.374731672934782
131.099999999998 0.360834238786369
131.199999999998 0.347685898495106
131.299999999998 0.335234461718936
131.399999999998 0.323432145417353
131.499999999998 0.312235140800112
131.599999999998 0.301603228392964
131.699999999998 0.291499435302551
131.799999999998 0.281889729554621
131.899999999998 0.272742747058059
131.999999999998 0.264029547329108
132.099999999998 0.255723394610217
132.199999999998 0.247799561448295
132.299999999998 0.240235152168251
132.399999999998 0.233008943998093
132.499999999998 0.226101243879079
132.599999999998 0.219493759234567
132.699999999998 0.213169481179654
132.799999999998 0.20711257883488
132.899999999998 0.201308303565025
132.999999999998 0.195742902101585
133.099999999998 0.190403537627701
133.199999999998 0.185278218009365
133.299999999998 0.180355730448861
133.399999999998 0.175625581917146
133.499999999998 0.171077944792887
133.599999999998 0.166703607198332
133.699999999998 0.162493927577229
133.799999999998 0.158440793108597
133.899999999998 0.154536581593057
133.999999999998 0.150774126486428
134.099999999998 0.147146684788938
134.199999999998 0.143647907528251
134.299999999998 0.140271812601039
134.399999999998 0.137012759761417
134.499999999998 0.133865427565554
134.599999999998 0.13082479210053
134.699999999998 0.127886107342199
134.799999999998 0.12504488700178
134.899999999998 0.122296887734278
134.999999999998 0.119638093593786
135.099999999998 0.11706470163149
135.199999999998 0.114573108541839
135.299999999998 0.11215989827098
135.399999999998 0.109821830509402
135.499999999998 0.107555829997716
135.599999999998 0.105358976580852
135.699999999998 0.103228495951659
135.799999999998 0.101161751030055
135.899999999998 0.0991562339285409
135.999999999998 0.0972095584591267
136.099999999998 0.095319453140518
136.199999999998 0.0934837546679118
136.299999999998 0.0917004018108754
136.399999999998 0.0899674297076543
136.499999999998 0.0882829645268479
136.599999999998 0.0866452184697649
136.699999999998 0.0850524850889165
136.799999999998 0.0835031349000769
136.899999999998 0.0819956112671257
136.999999999998 0.0805284265405266
137.099999999998 0.0791001584317867
137.199999999998 0.0777094466076109
137.299999999998 0.0763549894887113
137.399999999998 0.0750355412393816
137.499999999998 0.0737499089349887
137.599999999998 0.0724969498955023
137.699999999998 0.0712755691740607
137.799999999998 0.070084717190386
137.899999999998 0.0689233874996035
137.999999999998 0.0677906146877066
138.099999999998 0.0666854723855413
138.199999999998 0.0656070713937596
138.299999999998 0.0645545579117326
138.399999999998 0.0635271118639024
138.499999999998 0.062523945317509
138.599999999998 0.0615443009860497
138.699999999998 0.0605874508132145
138.799999999998 0.0596526946324012
138.899999999998 0.0587393588972454
138.999999999998 0.0578467954789076
139.099999999998 0.0569743805261451
139.199999999998 0.056121513384457
139.299999999998 0.0552876155708387
139.399999999998 0.0544721298009061
139.499999999998 0.0536745190653603
139.599999999998 0.0528942657529606
139.699999999998 0.0521308708173522
139.799999999998 0.0513838529852669
139.899999999998 0.0506527480037675
139.999999999998 0.049937107924358
140.099999999998 0.0492365004219124
140.199999999998 0.0485505081465048
140.299999999998 0.0478787281063394
140.399999999998 0.0472207710800902
140.499999999998 0.0465762610570623
140.599999999998 0.0459448347036812
140.699999999998 0.045326140854909
140.799999999998 0.0447198400292655
140.899999999998 0.0441256039662129
140.999999999998 0.043543115184737
141.099999999998 0.0429720665620217
141.199999999998 0.0424121609311806
141.299999999998 0.0418631106970697
141.399999999998 0.0413246374692584
141.499999999998 0.0407964717112898
141.599999999998 0.0402783524054124
141.699999999998 0.0397700267320068
141.799999999998 0.0392712497629789
141.899999999998 0.0387817841684288
141.999999999998 0.0383013999359433
142.099999999998 0.0378298741018962
142.199999999998 0.0373669904941733
142.299999999998 0.0369125394857719
142.399999999998 0.0364663177587522
142.499999999998 0.0360281280780482
142.599999999998 0.0355977790746707
142.699999999998 0.035175085037859
142.799999999998 0.0347598657157639
142.899999999998 0.0343519461242629
142.999999999998 0.0339511563635321
143.099999999998 0.0335573314420177
143.199999999998 0.0331703111074677
143.299999999998 0.0327899396847029
143.399999999998 0.0324160659198221
143.499999999998 0.0320485428305519
143.599999999998 0.0316872275624655
143.699999999998 0.0313319812508095
143.799999999998 0.0309826688876915
143.899999999998 0.0306391591943901
143.999999999998 0.030301324498565
144.099999999998 0.0299690406161533
144.199999999998 0.0296421867377475
144.299999999998 0.0293206453192646
144.399999999998 0.0290043019767201
144.499999999998 0.0286930453849327
144.599999999998 0.0283867671799937
144.699999999998 0.0280853618653407
144.799999999998 0.0277887267212854
144.899999999998 0.0274967617178513
144.999999999997 0.0272093694307827
145.099999999997 0.0269264549605956
145.199999999997 0.0266479258545438
145.299999999997 0.0263736920313817
145.399999999997 0.02610366570881
145.499999999997 0.0258377613334955
145.599999999997 0.0255758955135608
145.699999999997 0.0253179869534462
145.799999999997 0.0250639563910472
145.899999999997 0.0248137265370385
145.999999999997 0.0245672220162987
146.099999999997 0.0243243693113513
146.199999999997 0.0240850967077439
146.299999999997 0.0238493342412918
146.399999999997 0.0236170136471102
146.499999999997 0.0233880683103698
146.599999999997 0.0231624332187064
146.699999999997 0.0229400449162244
146.799999999997 0.0227208414590304
146.899999999997 0.0225047623722418
146.999999999997 0.022291748608413
147.099999999997 0.0220817425073267
147.199999999997 0.0218746877570999
147.299999999997 0.0216705293565542
147.399999999997 0.0214692135788057
147.499999999997 0.021270687936028
147.599999999997 0.0210749011453455
147.699999999997 0.0208818030958173
147.799999999997 0.0206913448164695
147.899999999997 0.0205034784453407
147.999999999997 0.0203181571995022
148.099999999997 0.020135335346019
148.199999999997 0.0199549681738179
148.299999999997 0.0197770119664302
148.399999999997 0.0196014239755784
148.499999999997 0.0194281623955771
148.599999999997 0.0192571863385192
148.699999999997 0.019088455810221
148.799999999997 0.0189219316868983
148.899999999997 0.0187575756925497
148.999999999997 0.0185953503770218
149.099999999997 0.0184352190947334
149.199999999997 0.0182771459840357
149.299999999997 0.0181210959471877
149.399999999997 0.0179670346309248
149.499999999997 0.0178149284076015
149.599999999997 0.0176647443568892
149.699999999997 0.0175164502480087
149.799999999997 0.0173700145224824
149.899999999997 0.0172254062773859
149.999999999997 0.0170825952490856
150.099999999997 0.0169415517974434
150.199999999997 0.0168022468904752
150.299999999997 0.0166646520894477
150.399999999997 0.0165287395343995
150.499999999997 0.0163944819300716
150.599999999997 0.0162618525322363
150.699999999997 0.0161308251344097
150.799999999997 0.0160013740549366
150.899999999997 0.0158734741244353
150.999999999997 0.0157471006735914
151.099999999997 0.0156222295212898
151.199999999997 0.015498836963073
151.299999999997 0.0153768997599169
151.399999999997 0.0152563951273135
151.499999999997 0.0151373007246506
151.599999999997 0.0150195946448807
151.699999999997 0.0149032554044677
151.799999999997 0.014788261933606
151.899999999997 0.0146745935667007
151.999999999997 0.0145622300331029
152.099999999997 0.0144511514480916
152.199999999997 0.0143413383040943
152.299999999997 0.0142327714621408
152.399999999997 0.0141254321435401
152.499999999997 0.0140193019217778
152.599999999997 0.0139143627146232
152.699999999997 0.0138105967764433
152.799999999997 0.0137079866907155
152.899999999997 0.0136065153627338
152.999999999997 0.0135061660125031
153.099999999997 0.0134069221678157
153.199999999997 0.0133087676575042
153.299999999997 0.0132116866048672
153.399999999997 0.0131156634212611
153.499999999997 0.0130206827998543
153.599999999997 0.0129267297095384
153.699999999997 0.0128337893889925
153.799999999997 0.0127418473408962
153.899999999997 0.0126508893262862
153.999999999997 0.0125609013590537
154.099999999997 0.0124718697005778
154.199999999997 0.012383780854491
154.299999999997 0.0122966215615734
154.399999999997 0.0122103787947726
154.499999999997 0.0121250397543443
154.599999999997 0.0120405918631113
154.699999999997 0.0119570227618379
154.799999999997 0.0118743203047152
154.899999999997 0.011792472554956
154.999999999997 0.0117114677804947
155.099999999997 0.0116312944497902
155.199999999997 0.0115519412277287
155.299999999997 0.0114733969716244
155.399999999997 0.0113956507273136
155.499999999997 0.0113186917253425
155.599999999997 0.0112425093772433
155.699999999997 0.011167093271898
155.799999999997 0.0110924331719876
155.899999999997 0.011018519010523
155.999999999997 0.0109453408874574
156.099999999997 0.010872889066376
156.199999999997 0.0108011539712629
156.299999999997 0.0107301261833415
156.399999999997 0.0106597964379879
156.499999999997 0.0105901556217141
156.599999999997 0.0105211947692206
156.699999999997 0.0104529050605148
156.799999999997 0.0103852778180957
156.899999999997 0.0103183045042009
156.999999999997 0.0102519767181162
157.099999999997 0.0101862861935453
157.199999999997 0.0101212247960377
157.299999999997 0.0100567845204744
157.399999999997 0.00999295748860891
157.499999999997 0.00992973594666309
157.599999999997 0.00986711226297543
157.699999999997 0.00980507892570133
157.799999999997 0.0097436285405636
157.899999999997 0.00968275382865209
157.999999999997 0.00962244762427121
158.099999999997 0.00956270287283411
158.199999999997 0.00950351262880244
158.299999999997 0.0094448700536705
158.399999999997 0.00938676841399269
158.499999999997 0.00932920107945334
158.599999999997 0.00927216152097757
158.699999999997 0.00921564330888265
158.799999999997 0.00915964011106832
158.899999999997 0.00910414569124569
158.999999999997 0.00904915390720333
