-1.5 0.12138849801589
-1.497 0.122090763233159
-1.494 0.122793277916917
-1.491 0.123495992326939
-1.488 0.124198856196846
-1.485 0.124901818731935
-1.482 0.125604828606911
-1.479 0.126307833963514
-1.476 0.127010782408036
-1.473 0.127713621008725
-1.47 0.128416296293061
-1.467 0.129118754244908
-1.464 0.129820940301525
-1.461 0.130522799350438
-1.458 0.13122427572616
-1.455 0.131925313206751
-1.452 0.132625855010218
-1.449 0.133325843790733
-1.446 0.13402522163468
-1.443 0.134723930056505
-1.44 0.135421909994372
-1.437 0.136119101805608
-1.434 0.136815445261939
-1.431 0.137510879544498
-1.428 0.138205343238597
-1.425 0.13889877432826
-1.422 0.139591110190505
-1.419 0.140282287589356
-1.416 0.140972242669587
-1.413 0.141660910950186
-1.41 0.142348227317523
-1.407 0.143034126018208
-1.404 0.143718540651647
-1.401 0.144401404162261
-1.398 0.145082648831373
-1.395 0.145762206268745
-1.392 0.146440007403758
-1.389 0.147115982476212
-1.386 0.147790061026756
-1.383 0.148462171886903
-1.38 0.149132243168657
-1.377 0.149800202253702
-1.374 0.150465975782168
-1.371 0.151129489640946
-1.368 0.151790668951545
-1.365 0.152449438057476
-1.362 0.153105720511151
-1.359 0.153759439060283
-1.356 0.154410515633772
-1.353 0.155058871327064
-1.35 0.155704426386975
-1.347 0.15634710019596
-1.344 0.156986811255805
-1.341 0.157623477170755
-1.338 0.158257014630031
-1.335 0.158887339389744
-1.332 0.159514366254189
-1.329 0.160138009056497
-1.326 0.160758180638633
-1.323 0.161374792830737
-1.32 0.161987756429778
-1.317 0.162596981177519
-1.314 0.163202375737772
-1.311 0.163803847672933
-1.308 0.164401303419785
-1.305 0.16499464826455
-1.302 0.165583786317178
-1.299 0.166168620484866
-1.296 0.166749052444788
-1.293 0.167324982616022
-1.29 0.167896310130667
-1.287 0.168462932804133
-1.284 0.169024747104597
-1.281 0.169581648121609
-1.278 0.170133529533834
-1.275 0.170680283575933
-1.272 0.171221801004553
-1.269 0.171757971063433
-1.266 0.172288681447606
-1.263 0.172813818266691
-1.26 0.173333266007274
-1.257 0.173846907494353
-1.254 0.174354623851857
-1.251 0.174856294462226
-1.248 0.175351796925041
-1.245 0.175841007014708
-1.242 0.176323798637186
-1.239 0.176800043785757
-1.236 0.177269612495834
-1.233 0.177732372798808
-1.23 0.17818819067493
-1.227 0.178636930005235
-1.224 0.179078452522492
-1.221 0.179512617761212
-1.218 0.179939283006682
-1.215 0.180358303243062
-1.212 0.180769531100522
-1.209 0.181172816801458
-1.206 0.181568008105759
-1.203 0.181954950255169
-1.2 0.182333485916726
-1.197 0.182703455125321
-1.194 0.183064695225355
-1.191 0.18341704081155
-1.188 0.183760323668891
-1.185 0.184094372711755
-1.182 0.184419013922218
-1.179 0.184734070287586
-1.176 0.185039361737153
-1.173 0.185334705078232
-1.17 0.185619913931477
-1.167 0.185894798665523
-1.164 0.186159166330985
-1.161 0.186412820593847
-1.158 0.186655561668277
-1.155 0.186887186248905
-1.152 0.187107487442611
-1.149 0.187316254699857
-1.146 0.18751327374562
-1.143 0.187698326509967
-1.14 0.187871191058325
-1.137 0.188031641521493
-1.134 0.188179448025467
-1.131 0.188314376621117
-1.128 0.188436189213795
-1.125 0.188544643492924
-1.122 0.18863949286164
-1.119 0.18872048636656
-1.116 0.188787368627738
-1.113 0.188839879768899
-1.11 0.18887775534801
-1.107 0.188900726288288
-1.104 0.188908518809708
-1.101 0.188900854361123
-1.098 0.188877449553058
-1.095 0.188838016091297
-1.092 0.188782260711334
-1.089 0.188709885113808
-1.086 0.188620585901013
-1.083 0.188514054514588
-1.08 0.188389977174496
-1.077 0.188248034819413
-1.074 0.188087903048619
-1.071 0.187909252065535
-1.068 0.187711746623008
-1.065 0.187495045970473
-1.062 0.187258803803123
-1.059 0.187002668213209
-1.056 0.186726281643611
-1.053 0.186429280843811
-1.05 0.186111296828404
-1.047 0.185771954838299
-1.044 0.185410874304743
-1.041 0.185027668816326
-1.038 0.184621946089108
-1.035 0.184193307940025
-1.032 0.183741350263735
-1.029 0.183265663013056
-1.026 0.182765830183151
-1.023 0.182241429799645
-1.02 0.181692033910812
-1.017 0.181117208584022
-1.014 0.180516513906603
-1.011 0.179889503991308
-1.008 0.179235726986536
-1.005 0.178554725091506
-1.002 0.177846034576555
-0.999 0.177109185808725
-0.996 0.176343703282848
-0.993 0.175549105658281
-0.99 0.174724905801494
-0.987 0.173870610834692
-0.984 0.172985722190644
-0.981 0.172069735673924
-0.978 0.171122141528731
-0.975 0.170142424513486
-0.972 0.169130063982391
-0.969 0.168084533974132
-0.966 0.167005303307909
-0.963 0.165891835686998
-0.96 0.164743589809995
-0.957 0.163560019489966
-0.954 0.162340573781644
-0.951 0.161084697116893
-0.948 0.159791829448586
-0.945 0.158461406403095
-0.942 0.157092859441554
-0.939 0.155685616030078
-0.936 0.154239099819104
-0.933 0.152752730832011
-0.93 0.151225925663197
-0.927 0.149658097685765
-0.924 0.148048657268969
-0.921 0.146397012005579
-0.918 0.144702566949305
-0.915 0.142964724862429
-0.912 0.141182886473774
-0.909 0.139356450747141
-0.906 0.137484815160345
-0.903 0.135567375994966
-0.9 0.133603528636921
-0.897 0.131592667887976
-0.894 0.12953418828828
-0.891 0.127427484450024
-0.888 0.125271951402303
-0.885 0.123066984947252
-0.882 0.120811982027533
-0.879 0.118506341105214
-0.876 0.116149462552103
-0.873 0.113740749051564
-0.87 0.111279606011854
-0.867 0.108765441990984
-0.864 0.106197669133125
-0.861 0.103575703616551
-0.858 0.100898966113097
-0.855 0.0981668822591182
-0.852 0.0953788831379003
-0.849 0.0925344057734732
-0.846 0.0896328936357679
-0.843 0.0866737971570355
-0.84 0.0836565742594408
-0.837 0.0805806908937256
-0.834 0.0774456215888252
-0.831 0.0742508500123062
-0.828 0.0709958695414801
-0.825 0.0676801838450304
-0.822 0.0643033074749803
-0.819 0.0608647664688074
-0.816 0.0573640989615005
-0.813 0.0538008558073366
-0.81 0.0501746012111387
-0.807 0.0464849133687632
-0.804 0.0427313851165421
-0.801 0.0389136245893989
-0.798 0.0350312558873289
-0.795 0.0310839197499286
-0.792 0.0270712742386329
-0.789 0.0229929954263104
-0.786 0.0188487780938406
-0.783 0.0146383364332884
-0.78 0.0103614047572685
-0.777 0.00601773821407663
-0.774 0.00160711350814771
-0.771 -0.00287067037461655
-0.768 -0.00741579143712627
-0.765 -0.0120284039374804
-0.762 -0.0167086376519498
-0.759 -0.0214565971350959
-0.756 -0.0262723609775653
-0.753 -0.0311559810621236
-0.75 -0.0361074818185018
-0.747 -0.0411268594776534
-0.744 -0.0462140813260281
-0.741 -0.0513690849604905
-0.738 -0.0565917775445235
-0.735 -0.0618820350663775
-0.732 -0.0672397015998322
-0.729 -0.0726645885682643
-0.726 -0.0781564740127198
-0.723 -0.0837151018647076
-0.72 -0.0893401812244451
-0.717 -0.0950313856452991
-0.714 -0.100788352425176
-0.711 -0.106610681905635
-0.708 -0.112497936779496
-0.705 -0.118449641407742
-0.702 -0.124465281146519
-0.699 -0.130544301685033
-0.696 -0.136686108395181
-0.693 -0.142890065693742
-0.69 -0.149155496417961
-0.687 -0.155481681215379
-0.684 -0.161867857948761
-0.681 -0.16831322111698
-0.678 -0.174816921292717
-0.675 -0.181378064577853
-0.672 -0.187995712077423
-0.669 -0.194668879393001
-0.666 -0.201396536136396
-0.663 -0.208177605464545
-0.66 -0.215010963636462
-0.657 -0.221895439593136
-0.654 -0.228829814561242
-0.651 -0.235812821681547
-0.648 -0.242843145662864
-0.645 -0.24991942246243
-0.642 -0.257040238993557
-0.639 -0.264204132861411
-0.636 -0.271409592127754
-0.633 -0.278655055105488
-0.63 -0.285938910183818
-0.627 -0.293259495684848
-0.624 -0.300615099752409
-0.621 -0.308003960273899
-0.618 -0.315424264835912
-0.615 -0.3228741507144
-0.612 -0.33035170490012
-0.609 -0.337854964160073
-0.606 -0.345381915135631
-0.603 -0.352930494478057
-0.6 -0.360498589022037
-0.597 -0.368084035997896
-0.594 -0.375684623283083
-0.591 -0.383298089693532
-0.588 -0.390922125315436
-0.585 -0.398554371877991
-0.582 -0.406192423167602
-0.579 -0.413833825484024
-0.576 -0.42147607813889
-0.573 -0.42911663399704
-0.57 -0.436752900061024
-0.567 -0.444382238099135
-0.564 -0.452001965317276
-0.561 -0.45960935507495
-0.558 -0.467201637645599
-0.555 -0.474776001021511
-0.552 -0.482329591763442
-0.549 -0.489859515895099
-0.546 -0.497362839842547
-0.543 -0.504836591418608
-0.54 -0.512277760852231
-0.537 -0.519683301862817
-0.534 -0.527050132779395
-0.531 -0.53437513770454
-0.528 -0.54165516772285
-0.525 -0.548887042153775
-0.522 -0.556067549848524
-0.519 -0.563193450530765
-0.516 -0.570261476180735
-0.513 -0.577268332462386
-0.51 -0.5842107001931
-0.507 -0.591085236855493
-0.504 -0.597888578150748
-0.501 -0.604617339592903
-0.498 -0.611268118143436
-0.495 -0.617837493885485
-0.492 -0.624322031736934
-0.489 -0.630718283201619
-0.486 -0.637022788157779
-0.483 -0.643232076682919
-0.48 -0.649342670914112
-0.477 -0.655351086942803
-0.474 -0.661253836743057
-0.471 -0.667047430132221
-0.468 -0.67272837676284
-0.465 -0.678293188144702
-0.462 -0.683738379695792
-0.459 -0.689060472820885
-0.456 -0.694255997016523
-0.453 -0.699321492000988
-0.45 -0.704253509867934
-0.447 -0.70904861726222
-0.444 -0.713703397576505
-0.441 -0.718214453167081
-0.438 -0.722578407587422
-0.435 -0.726791907837849
-0.432 -0.730851626629711
-0.429 -0.734754264662416
-0.426 -0.738496552911648
-0.423 -0.742075254927025
-0.42 -0.745487169137468
-0.417 -0.748729131162501
-0.414 -0.751798016127665
-0.411 -0.754690740982225
-0.408 -0.7574042668173
-0.405 -0.759935601182542
-0.402 -0.762281800399462
-0.399 -0.764439971869469
-0.396 -0.766407276374689
-0.393 -0.768180930369605
-0.39 -0.769758208261549
-0.387 -0.771136444678043
-0.384 -0.772313036719024
-0.381 -0.773285446191915
-0.378 -0.77405120182756
-0.375 -0.774607901474987
-0.372 -0.774953214272991
-0.369 -0.775084882796516
-0.366 -0.775000725175818
-0.363 -0.774698637186394
-0.36 -0.774176594307675
-0.357 -0.773432653748479
-0.354 -0.772464956437232
-0.351 -0.771271728974987
-0.348 -0.769851285549276
-0.345 -0.768202029806842
-0.342 -0.766322456683335
-0.339 -0.764211154188058
-0.336 -0.761866805141884
-0.333 -0.759288188866486
-0.33 -0.756474182823045
-0.327 -0.753423764198642
-0.324 -0.750136011438569
-0.321 -0.746610105722803
-0.318 -0.742845332384973
-0.315 -0.738841082272137
-0.312 -0.734596853043755
-0.309 -0.730112250408283
-0.306 -0.725386989295842
-0.303 -0.720420894965479
-0.3 -0.715213904045579
-0.297 -0.709766065506035
-0.294 -0.704077541560817
-0.291 -0.698148608499685
-0.288 -0.691979657447775
-0.285 -0.68557119505191
-0.282 -0.67892384409249
-0.279 -0.672038344019919
-0.276 -0.664915551414559
-0.273 -0.657556440369273
-0.27 -0.649962102793681
-0.267 -0.642133748639328
-0.264 -0.634072706044992
-0.261 -0.625780421401498
-0.258 -0.617258459335379
-0.255 -0.608508502610877
-0.252 -0.599532351949798
-0.249 -0.590331925768827
-0.246 -0.580909259833954
-0.243 -0.571266506831787
-0.24 -0.56140593585753
-0.237 -0.551329931819539
-0.234 -0.541040994760401
-0.231 -0.530541739094586
-0.228 -0.519834892762757
-0.225 -0.508923296302953
-0.222 -0.49780990183886
-0.219 -0.486497771985548
-0.216 -0.474990078673035
-0.213 -0.463290101888184
-0.21 -0.45140122833548
-0.207 -0.439326950017306
-0.204 -0.427070862734419
-0.201 -0.414636664507407
-0.198 -0.402028153919951
-0.195 -0.389249228384827
-0.192 -0.376303882333617
-0.189 -0.363196205331191
-0.186 -0.349930380116083
-0.183 -0.336510680567947
-0.18 -0.322941469603362
-0.177 -0.3092271970013
-0.174 -0.295372397159646
-0.171 -0.281381686784236
-0.168 -0.267259762511907
-0.165 -0.253011398469161
-0.162 -0.238641443768047
-0.159 -0.224154819940988
-0.156 -0.209556518316276
-0.153 -0.194851597336069
-0.15 -0.180045179818715
-0.147 -0.165142450167358
-0.144 -0.150148651526743
-0.141 -0.135069082890282
-0.138 -0.119909096159389
-0.135 -0.104674093157238
-0.132 -0.0893695225990461
-0.129 -0.0740008770211228
-0.126 -0.0585736896708663
-0.123 -0.0430935313600241
-0.12 -0.0275660072834839
-0.117 -0.011996753805976
-0.114 0.00360856478097534
-0.111 0.0192442595294058
-0.108 0.0349046201301717
-0.105 0.0505839182306141
-0.102 0.0662764107721733
-0.099 0.0819763433454005
-0.0959999999999999 0.0976779535598655
-0.093 0.113375474426365
-0.0900000000000001 0.129063137748891
-0.0870000000000002 0.144735177523727
-0.0840000000000001 0.160385833343092
-0.081 0.176009353800683
-0.0780000000000001 0.191599999896496
-0.0750000000000002 0.207152048438274
-0.0720000000000001 0.222659795436915
-0.069 0.238117559493181
-0.0660000000000001 0.253519685173045
-0.0630000000000002 0.268860546368999
-0.0600000000000001 0.284134549644634
-0.0569999999999999 0.299336137559822
-0.054 0.314459791973827
-0.0510000000000002 0.329500037323671
-0.048 0.34445144387506
-0.0449999999999999 0.359308630943223
-0.042 0.374066270081006
-0.0390000000000001 0.388719088231548
-0.036 0.403261870842911
-0.0329999999999999 0.417689464942015
-0.03 0.431996782165273
-0.0270000000000001 0.446178801743314
-0.024 0.460230573437184
-0.0209999999999999 0.47414722042347
-0.018 0.48792394212578
-0.0150000000000001 0.501556016990039
-0.012 0.515038805201088
-0.0089999999999999 0.528367751338083
-0.00600000000000001 0.541538386966236
-0.00300000000000011 0.554546333162451
0 0.567387302972423
0.00300000000000011 0.580057103796842
0.00600000000000001 0.592551639704325
0.0089999999999999 0.604866913668765
0.012 0.616999029728812
0.0150000000000001 0.628944195067231
0.018 0.640698722007934
0.0209999999999999 0.652259029928535
0.024 0.66362164708627
0.0270000000000001 0.674783212355247
0.03 0.685740476872976
0.0329999999999999 0.696490305594221
0.036 0.707029678750241
0.0390000000000001 0.717355693211575
0.042 0.727465563752566
0.0449999999999999 0.737356624215884
0.048 0.747026328575386
0.0510000000000002 0.756472251895715
0.054 0.765692091187109
0.0569999999999999 0.774683666153985
0.0600000000000001 0.783444919835917
0.0630000000000002 0.791973919139743
0.0660000000000001 0.800268855261609
0.069 0.808328043997842
0.0720000000000001 0.816149925943662
0.0750000000000002 0.823733066578837
0.0780000000000001 0.831076156239475
0.081 0.838178009975287
0.0840000000000001 0.845037567291744
0.0870000000000002 0.851653891776682
0.0900000000000001 0.85802617061103
0.093 0.864153713963477
0.0960000000000001 0.870035954268991
0.0990000000000002 0.875672445391298
0.102 0.881062861669511
0.105 0.886206996849297
0.108 0.891104762899086
0.111 0.895756188711997
0.114 0.900161418694327
0.117 0.904320711241593
0.12 0.908234437103299
0.123 0.911903077637773
0.126 0.915327222958589
0.129 0.918507569974291
0.132 0.92144492032328
0.135 0.924140178205963
0.138 0.926594348116407
0.141 0.928808532475977
0.144 0.930783929171588
0.147 0.93252182900144
0.15 0.934023613031276
0.153 0.935290749864414
0.156 0.936324792829007
0.159 0.937127377086178
0.162 0.937700216662879
0.165 0.938045101413534
0.168 0.938163893914711
0.171 0.938058526297266
0.174 0.937730997020606
0.177 0.937183367593891
0.18 0.936417759249213
0.183 0.935436349571918
0.186 0.934241369093486
0.189 0.932835097852487
0.192 0.931219861929338
0.195 0.92939802996073
0.198 0.927372009639744
0.201 0.925144244207807
0.204 0.92271720894479
0.207 0.920093407663649
0.21 0.91727536921613
0.213 0.914265644016161
0.216 0.911066800587622
0.219 0.907681422143279
0.222 0.904112103201712
0.225 0.9003614462491
0.228 0.896432058452784
0.231 0.892326548433514
0.234 0.888047523103294
0.237 0.88359758457571
0.24 0.878979327155601
0.243 0.874195334414853
0.246 0.869248176361047
0.249 0.864140406705573
0.252 0.858874560237722
0.255 0.853453150311125
0.258 0.847878666448768
0.261 0.842153572072615
0.264 0.836280302363698
0.267 0.830261262258309
0.27 0.824098824585691
0.273 0.817795328352377
0.276 0.811353077178038
0.279 0.804774337887429
0.282 0.798061339262675
0.285 0.791216270959833
0.288 0.784241282593299
0.291 0.777138482991257
0.294 0.769909939624992
0.297 0.762557678214462
0.3 0.75508368251212
0.303 0.747489894266541
0.306 0.739778213366946
0.309 0.731950498169252
0.312 0.724008566003818
0.315 0.715954193864552
0.318 0.707789119278561
0.321 0.699515041354998
0.324 0.691133622011286
0.327 0.68264648737435
0.33 0.67405522935397
0.333 0.665361407384878
0.336 0.656566550333637
0.339 0.647672158565885
0.342 0.638679706168961
0.345 0.62959064332442
0.348 0.62040639882445
0.351 0.6111283827257
0.354 0.601757989133513
0.357 0.592296599109109
0.36 0.582745583691766
0.363 0.573106307027632
0.366 0.563380129596321
0.369 0.553568411526068
0.372 0.543672515987803
0.375 0.533693812658132
0.378 0.523633681240882
0.381 0.513493515036507
0.384 0.503274724548394
0.387 0.492978741114817
0.39 0.482607020555053
0.393 0.472161046817977
0.396 0.461642335621258
0.399 0.45105243806917
0.402 0.44039294423689
0.405 0.429665486709115
0.408 0.41887174406078
0.411 0.408013444267674
0.414 0.397092368034782
0.417 0.386110352030275
0.42 0.375069292013175
0.423 0.363971145842899
0.426 0.35281793635906
0.429 0.341611754120166
0.432 0.330354759990103
0.435 0.31904918756164
0.438 0.307697345406501
0.441 0.296301619141971
0.444 0.284864473304421
0.447 0.273388453020574
0.45 0.261876185467882
0.453 0.250330381115831
0.456 0.238753834740633
0.459 0.227149426206303
0.462 0.21552012100575
0.465 0.203868970556155
0.468 0.192199112243584
0.471 0.180513769212468
0.474 0.168816249896307
0.477 0.157109947286674
0.48 0.145398337938337
0.483 0.133684980709119
0.486 0.121973515233844
0.489 0.110267660132504
0.492 0.0985712109536123
0.495 0.0868880378544547
0.498 0.0752220830207652
0.501 0.063577357829141
0.504 0.0519579397563045
0.507 0.0403679690400846
0.51 0.0288116450977973
0.513 0.0172932227084104
0.516 0.00581700796566025
0.519 -0.00561264598997292
0.522 -0.0169913434518802
0.525 -0.0283146508312269
0.528 -0.0395781015342227
0.531 -0.0507772010222033
0.534 -0.0619074320433395
0.537 -0.072964260024271
0.54 -0.0839431386093866
0.543 -0.0948395153349703
0.546 -0.105648837425018
0.549 -0.116366557695054
0.552 -0.126988140549935
0.555 -0.137509068061262
0.558 -0.147924846109749
0.561 -0.158231010577641
0.564 -0.168423133576062
0.567 -0.178496829692017
0.57 -0.188447762239685
0.573 -0.198271649500529
0.576 -0.207964270936793
0.579 -0.217521473362936
0.582 -0.226939177059662
0.585 -0.236213381815321
0.588 -0.245340172879641
0.591 -0.254315726814957
0.594 -0.263136317230378
0.597 -0.271798320384631
0.6 -0.280298220643704
0.603 -0.288632615779765
0.606 -0.296798222098297
0.609 -0.304791879380866
0.612 -0.312610555631424
0.615 -0.320251351614631
0.618 -0.327711505175248
0.621 -0.334988395328238
0.624 -0.342079546109908
0.627 -0.348982630181059
0.63 -0.355695472173785
0.633 -0.36221605177434
0.636 -0.368542506535162
0.639 -0.374673134409928
0.642 -0.380606396006288
0.645 -0.38634091655166
0.648 -0.391875487568325
0.651 -0.397209068254777
0.654 -0.402340786571138
0.657 -0.407269940027223
0.66 -0.411995996172629
0.663 -0.416518592789032
0.666 -0.420837537785645
0.669 -0.424952808799578
0.672 -0.428864552503587
0.675 -0.432573083624473
0.678 -0.436078883676098
0.681 -0.439382599411713
0.684 -0.442485041000987
0.687 -0.44538717993778
0.69 -0.448090146685367
0.693 -0.450595228066409
0.696 -0.452903864405591
0.699 -0.45501764643337
0.702 -0.456938311959816
0.705 -0.458667742328032
0.708 -0.46020795865708
0.711 -0.461561117884763
0.714 -0.462729508621017
0.717 -0.463715546823008
0.72 -0.46452177130332
0.723 -0.465150839082938
0.726 -0.465605520600922
0.729 -0.46588869479289
0.732 -0.466003344050587
0.735 -0.465952549074918
0.738 -0.465739483634925
0.741 -0.465367409245225
0.744 -0.464839669774427
0.747 -0.464159685997024
0.75 -0.463330950101187
0.753 -0.462357020164783
0.756 -0.461241514611817
0.759 -0.459988106661306
0.762 -0.458600518780419
0.765 -0.457082517153477
0.768 -0.455437906178129
0.771 -0.453670522999769
0.774 -0.451784232094913
0.777 -0.449782919913936
0.78 -0.447670489593192
0.783 -0.445450855746179
0.786 -0.443127939342983
0.789 -0.440705662686842
0.792 -0.438187944496205
0.795 -0.435578695100244
0.798 -0.432881811755276
0.801 -0.430101174089123
0.804 -0.427240639679902
0.807 -0.424304039775307
0.81 -0.421295175157886
0.813 -0.418217812161385
0.816 -0.41507567884266
0.819 -0.411872461313216
0.822 -0.408611800233904
0.825 -0.405297287475804
0.828 -0.401932462949853
0.831 -0.398520811607264
0.834 -0.395065760612336
0.837 -0.391570676688748
0.84 -0.388038863639995
0.843 -0.384473560044161
0.846 -0.380877937122815
0.849 -0.377255096783336
0.852 -0.373608069833626
0.855 -0.369939814367748
0.858 -0.366253214320625
0.861 -0.362551078189636
0.864 -0.358836137920532
0.867 -0.355111047954817
0.87 -0.351378384435421
0.873 -0.347640644567189
0.876 -0.34390024612845
0.879 -0.340159527129702
0.882 -0.336420745615164
0.885 -0.332686079602808
0.888 -0.328957627158221
0.891 -0.325237406597538
0.894 -0.321527356814486
0.897 -0.31782933772648
0.9 -0.314145130834586
0.903 -0.310476439892071
0.906 -0.306824891676177
0.909 -0.303192036857724
0.912 -0.29957935096308
0.915 -0.29598823542301
0.918 -0.292420018702945
0.921 -0.288875957509174
0.924 -0.285357238065522
0.927 -0.281864977455092
0.93 -0.278400225021724
0.933 -0.27496396382586
0.936 -0.271557112149624
0.939 -0.268180525045954
0.942 -0.264834995926811
0.945 -0.261521258185499
0.948 -0.258239986848345
0.951 -0.254991800251045
0.954 -0.251777261735169
0.957 -0.248596881360433
0.96 -0.245451117628501
0.963 -0.242340379214251
0.966 -0.239265026700586
0.969 -0.236225374313033
0.972 -0.233221691650558
0.975 -0.230254205409181
0.978 -0.227323101095152
0.981 -0.224428524724636
0.984 -0.221570584507004
0.987 -0.218749352509037
0.99 -0.215964866297489
0.993 -0.213217130557665
0.996 -0.210506118685818
0.999 -0.207831774353341
1.002 -0.20519401304092
1.005 -0.202592723540959
1.008 -0.200027769426753
1.011 -0.197498990487053
1.014 -0.195006204124817
1.017 -0.192549206719095
1.02 -0.190127774949135
1.023 -0.187741667079943
1.026 -0.185390624208671
1.029 -0.183074371471333
1.032 -0.180792619209479
1.035 -0.178545064096564
1.038 -0.176331390223894
1.041 -0.1741512701461
1.044 -0.172004365886243
1.047 -0.169890329900687
1.05 -0.16780880600405
1.053 -0.165759430254546
1.056 -0.163741831800177
1.059 -0.161755633686271
1.062 -0.159800453624951
1.065 -0.157875904727159
1.068 -0.155981596197963
1.071 -0.154117133995865
1.074 -0.152282121456943
1.077 -0.150476159884636
1.08 -0.148698849106084
1.083 -0.146949787995911
1.086 -0.145228574968401
1.089 -0.143534808439038
1.092 -0.141868087256382
1.095 -0.140228011105293
1.098 -0.138614180882498
1.101 -0.137026199045542
1.104 -0.135463669936125
1.107 -0.133926200078866
1.11 -0.132413398456507
1.113 -0.130924876762572
1.116 -0.129460249632504
1.119 -0.128019134854267
1.122 -0.126601153559399
1.125 -0.125205930395503
1.128 -0.123833093681111
1.131 -0.122482275543872
1.134 -0.121153112042977
1.137 -0.119845243276708
1.14 -0.118558313476
1.143 -0.117291971084846
1.146 -0.116045868828374
1.149 -0.114819663769401
1.152 -0.11361301735422
1.155 -0.112425595448378
1.158 -0.111257068363143
1.161 -0.110107110873374
1.164 -0.108975402227421
1.167 -0.107861626149717
1.17 -0.106765470836647
1.173 -0.105686628946277
1.176 -0.104624797582487
1.179 -0.103579678274036
1.182 -0.102550976949043
1.185 -0.101538403905357
1.188 -0.100541673777254
1.191 -0.0995605054988735
1.194 -0.0985946222647933
1.197 -0.0976437514880954
1.2 -0.0967076247562724
1.203 -0.0957859777852917
1.206 -0.0948785503721117
1.209 -0.0939850863459258
1.212 -0.0931053335183884
1.215 -0.0922390436330562
1.218 -0.0913859723142574
1.221 -0.0905458790155906
1.224 -0.0897185269682259
1.227 -0.0889036831291745
1.23 -0.0881011181296718
1.233 -0.0873106062238043
1.236 -0.0865319252375001
1.239 -0.0857648565179826
1.242 -0.0850091848837814
1.245 -0.0842646985753781
1.248 -0.0835311892065548
1.251 -0.0828084517165032
1.254 -0.0820962843227412
1.257 -0.0813944884748766
1.26 -0.0807028688092479
1.263 -0.0800212331044643
1.266 -0.0793493922378618
1.269 -0.0786871601428832
1.272 -0.0780343537673866
1.275 -0.0773907930328788
1.278 -0.0767563007946682
1.281 -0.0761307028029252
1.284 -0.0755138276646352
1.287 -0.0749055068064267
1.29 -0.0743055744382504
1.293 -0.0737138675178901
1.296 -0.0731302257162742
1.299 -0.0725544913835637
1.302 -0.0719865095159852
1.305 -0.0714261277233786
1.308 -0.0708731961974301
1.311 -0.0703275676805542
1.314 -0.0697890974353962
1.317 -0.0692576432149207
1.32 -0.0687330652330523
1.323 -0.0682152261358391
1.326 -0.0677039909731038
1.329 -0.0671992271705518
1.332 -0.0667008045023072
1.335 -0.0662085950638436
1.338 -0.065722473245283
1.341 -0.0652423157050321
1.344 -0.0647680013437319
1.347 -0.0642994112784919
1.35 -0.0638364288173854
1.353 -0.0633789394341809
1.356 -0.0629268307432896
1.359 -0.0624799924749057
1.362 -0.06203831645032
1.365 -0.06160169655739
1.368 -0.0611700287261465
1.371 -0.0607432109045241
1.374 -0.060321143034198
1.377 -0.0599037270265158
1.38 -0.0594908667385115
1.383 -0.0590824679489907
1.386 -0.058678438334678
1.389 -0.0582786874464178
1.392 -0.0578831266854205
1.395 -0.05749166927955
1.398 -0.0571042302596442
1.401 -0.0567207264358673
1.404 -0.0563410763740887
1.407 -0.0559652003722872
1.41 -0.055593020436979
1.413 -0.055224460259668
1.416 -0.05485944519332
1.419 -0.0544979022288608
1.422 -0.0541397599716998
1.425 -0.0537849486182813
1.428 -0.0534333999326677
1.431 -0.053085047223155
1.434 -0.0527398253189277
1.437 -0.0523976705467553
1.44 -0.0520585207077356
1.443 -0.0517223150540909
1.446 -0.0513889942660206
1.449 -0.0510585004286174
1.452 -0.0507307770088533
1.455 -0.0504057688326396
1.458 -0.0500834220619699
1.461 -0.0497636841721503
1.464 -0.0494465039291247
1.467 -0.049131831366902
1.47 -0.0488196177650905
1.473 -0.0485098156265489
1.476 -0.0482023786551572
1.479 -0.0478972617337181
1.482 -0.0475944209019921
1.485 -0.0472938133348756
1.488 -0.0469953973207273
1.491 -0.0466991322398492
1.494 -0.0464049785431293
1.497 -0.0461128977308521
