0.001 0.000999
0.011 0.0108793718251326
0.021 0.0205676149835214
0.031 0.0300506801448066
0.041 0.0393480525443554
0.051 0.0484604192111463
0.061 0.0573870886368443
0.071 0.066129794028203
0.081 0.0746918262304529
0.091 0.0830765017503783
0.101 0.0912870610621736
0.111 0.0993262099051837
0.121 0.107196424591185
0.131 0.114900180551966
0.141 0.122439953219316
0.151 0.129818214056334
0.161 0.137037388921188
0.171 0.144099874499766
0.181 0.151008067002866
0.191 0.15776436264129
0.201 0.164371157625838
0.211 0.170830848056878
0.221 0.177145769536831
0.231 0.183318097077618
0.241 0.18934997934296
0.251 0.195243564996583
0.261 0.20100100270221
0.271 0.206624441123565
0.281 0.212116028924372
0.291 0.21747791470851
0.301 0.222712191595904
0.311 0.22782079448471
0.321 0.232805630254529
0.331 0.237668605784964
0.341 0.242411627955618
0.351 0.247036603646093
0.361 0.251545439735992
0.371 0.255940043104916
0.381 0.260222320632469
0.391 0.264394175337522
0.401 0.268457394224909
0.411 0.272413630786421
0.421 0.276264531131648
0.431 0.28001174137018
0.441 0.28365690761161
0.451 0.287201675965526
0.461 0.290647692541521
0.471 0.293996603449183
0.481 0.297250054798104
0.491 0.300409692697874
0.501 0.303477163258084
0.511 0.306454077234025
0.521 0.309341869629209
0.531 0.312141920938271
0.541 0.314855611639157
0.551 0.317484322209814
0.561 0.32002943312819
0.571 0.322492324872231
0.581 0.324874377919885
0.591 0.327176972749098
0.601 0.329401489837817
0.611 0.33154930966399
0.621 0.333621812705564
0.631 0.335620379440485
0.641 0.33754638922953
0.651 0.339401130851737
0.661 0.341185737149778
0.671 0.342901325556657
0.681 0.344549013505381
0.691 0.346129918428955
0.701 0.347645157760384
0.711 0.349095848932676
0.721 0.350483109378834
0.731 0.351808056531865
0.741 0.353071807824774
0.751 0.354275480690568
0.761 0.355420192562251
0.771 0.35650706087283
0.781 0.35753720305531
0.791 0.358511736542697
0.801 0.35943177798606
0.811 0.360298362711626
0.821 0.361112374787088
0.831 0.361874681799685
0.841 0.362586151336655
0.851 0.363247650985238
0.861 0.363860048332672
0.871 0.364424210966197
0.881 0.364941006473052
0.891 0.365411302440475
0.901 0.365835966455706
0.911 0.366215866105983
0.921 0.366551868978546
0.931 0.366844842660633
0.941 0.367095654739484
0.951 0.367305172802337
0.961 0.367474264436432
0.971 0.367603797229007
0.981 0.367694638767302
0.991 0.367747647195335
1.001 0.367763555380985
1.011 0.36774300734356
1.021 0.367686645215348
1.031 0.367595111128637
1.041 0.367469047215715
1.051 0.36730909560887
1.061 0.36711589844039
1.071 0.366890097842562
1.081 0.366632335947676
1.091 0.366343254888019
1.101 0.366023496795879
1.111 0.365673703803543
1.121 0.365294518043301
1.131 0.364886581647441
1.141 0.364450536748249
1.151 0.363987025478014
1.161 0.363496689969025
1.171 0.362980172353569
1.181 0.362438114763934
1.191 0.361871159332408
1.201 0.361279947493075
1.211 0.360665056364948
1.221 0.360026947757231
1.231 0.359366071478972
1.241 0.358682877339219
1.251 0.357977815147019
1.261 0.357251334711421
1.271 0.356503885841472
1.281 0.355735918346219
1.291 0.354947882034711
1.301 0.354140226715995
1.311 0.353313402199119
1.321 0.35246785829313
1.331 0.351604044807077
1.341 0.350722411550006
1.351 0.349823408330967
1.361 0.348907484959005
1.371 0.347975091243169
1.381 0.347026676992508
1.391 0.346062692016067
1.401 0.345083586122896
1.411 0.344089809122042
1.421 0.343081810822552
1.431 0.342060041033475
1.441 0.341024949549699
1.451 0.339976953367616
1.461 0.338916366647546
1.471 0.337843483448532
1.481 0.336758597829619
1.491 0.33566200384985
1.501 0.334553995568268
1.511 0.333434867043919
1.521 0.332304912335846
1.531 0.331164425503093
1.541 0.330013700604703
1.551 0.328853031699722
1.561 0.327682712847192
1.571 0.326503038106157
1.581 0.325314301535662
1.591 0.32411679719475
1.601 0.322910819142465
1.611 0.321696661437852
1.621 0.320474618139954
1.631 0.319244983307814
1.641 0.318008051000478
1.651 0.316764115276988
1.661 0.31551347019639
1.671 0.314256409817725
1.681 0.31299322820004
1.691 0.311724219402377
1.701 0.31044967748378
1.711 0.309169896503294
1.721 0.307885163717718
1.731 0.306595695741975
1.741 0.305301667325022
1.751 0.304003252667255
1.761 0.302700625969071
1.771 0.301393961430864
1.781 0.30008343325303
1.791 0.298769215635966
1.801 0.297451482780067
1.811 0.296130408885729
1.821 0.294806168153347
1.831 0.293478934783318
1.841 0.292148882976037
1.851 0.2908161869319
1.861 0.289481020851302
1.871 0.28814355893464
1.881 0.28680397538231
1.891 0.285462444394706
1.901 0.284119140172226
1.911 0.282774236915264
1.921 0.281427908824216
1.931 0.280080330099479
1.941 0.278731674941448
1.951 0.277382117550518
1.961 0.276031832127086
1.971 0.274680992871547
1.981 0.273329773984298
1.991 0.271978349665733
2.001 0.270626894116249
2.011 0.269275581536241
2.021 0.267924586126105
2.031 0.266574081206513
2.041 0.265224204227648
2.051 0.263875045052138
2.061 0.262526690260626
2.071 0.261179226433751
2.081 0.259832740152153
2.091 0.258487317996474
2.101 0.257143046547354
2.111 0.255800012385434
2.121 0.254458302091354
2.131 0.253118002245754
2.141 0.251779199429276
2.151 0.250441980222559
2.161 0.249106431206245
2.171 0.247772638960974
2.181 0.246440690067387
2.191 0.245110671106124
2.201 0.243782668657826
2.211 0.242456769303133
2.221 0.241133059622686
2.231 0.239811626197126
2.241 0.238492555607092
2.251 0.237175934433227
2.261 0.23586184925617
2.271 0.234550386656562
2.281 0.233241633215043
2.291 0.231935675512254
2.301 0.230632600128836
2.311 0.229332493645429
2.321 0.228035442642674
2.331 0.226741533701212
2.341 0.225450853401682
2.351 0.224163488324726
2.361 0.222879525050984
2.371 0.221599050161097
2.381 0.220322150235705
2.391 0.219048911855449
2.401 0.217779417605283
2.411 0.216513714713825
2.421 0.215251831956528
2.431 0.213993797948769
2.441 0.212739641305926
2.451 0.211489390643375
2.461 0.210243074576495
2.471 0.209000721720662
2.481 0.207762360691254
2.491 0.206528020103648
2.501 0.205297728573221
2.511 0.20407151471535
2.521 0.202849407145414
2.531 0.201631434478788
2.541 0.200417625330851
2.551 0.19920800831698
2.561 0.198002612052551
2.571 0.196801465152943
2.581 0.195604596233532
2.591 0.194412033909697
2.601 0.193223806796813
2.611 0.192039943510258
2.621 0.19086047266541
2.631 0.189685422877647
2.641 0.188514822762344
2.651 0.18734870093488
2.661 0.186187086010631
2.671 0.185030006604976
2.681 0.18387749133329
2.691 0.182729568810953
2.701 0.18158626765334
2.711 0.18044761647583
2.721 0.179313643893799
2.731 0.178184378522625
2.741 0.177059848977684
2.751 0.175940083874356
2.761 0.174825111828015
2.771 0.173714961454041
2.781 0.172609661367809
2.791 0.171509240184698
2.801 0.170413726520085
2.811 0.169323148989347
2.821 0.168237536207861
2.831 0.167156916791004
2.841 0.166081319354155
2.851 0.165010768533976
2.861 0.163945265141839
2.871 0.162884801160054
2.881 0.161829368556517
2.891 0.160778959299125
2.901 0.159733565355772
2.911 0.158693178694355
2.921 0.15765779128277
2.931 0.156627395088913
2.941 0.15560198208068
2.951 0.154581544225967
2.961 0.153566073492669
2.971 0.152555561848684
2.981 0.151550001261906
2.991 0.150549383700231
3.001 0.149553701131557
3.011 0.148562945523777
3.021 0.14757710884479
3.031 0.14659618306249
3.041 0.145620160144774
3.051 0.144649032059537
3.061 0.143682790774675
3.071 0.142721428258085
3.081 0.141764936477662
3.091 0.140813307401303
3.101 0.139866532996902
3.111 0.138924605232357
3.121 0.137987516075564
3.131 0.137055257494417
3.141 0.136127821456814
3.151 0.135205199930649
3.161 0.13428738488382
3.171 0.133374368284222
3.181 0.132466142099751
3.191 0.131562698298303
3.201 0.130664028847773
3.211 0.129770125716059
3.221 0.128880980871056
3.231 0.127996586280659
3.241 0.127116933912765
3.251 0.12624201573527
3.261 0.125371823716069
3.271 0.12450634982306
3.281 0.123645586024136
3.291 0.122789524287196
3.301 0.121938156580134
3.311 0.121091474870847
3.321 0.12024947112723
3.331 0.119412137317179
3.341 0.118579465408591
3.351 0.117751447369362
3.361 0.116928075167386
3.371 0.116109340770562
3.381 0.115295236146783
3.391 0.114485753263947
3.401 0.113680884089948
3.411 0.112880620592684
3.421 0.112084954740051
3.431 0.111293878499943
3.441 0.110507383840257
3.451 0.10972546272889
3.461 0.108948106160136
3.471 0.108175299738844
3.481 0.107407027215425
3.491 0.106643272338585
3.501 0.105884018857028
3.511 0.10512925051946
3.521 0.104378951074587
3.531 0.103633104271113
3.541 0.102891693857745
3.551 0.102154703583186
3.561 0.101422117196143
3.571 0.100693918445321
3.581 0.0999700910794251
3.591 0.0992506188471606
3.601 0.0985354854972328
3.611 0.097824674778347
3.621 0.0971181704392086
3.631 0.0964159562285229
3.641 0.095718015894995
3.651 0.0950243331873304
3.661 0.0943348918542344
3.671 0.0936496756444122
3.681 0.0929686683065692
3.691 0.0922918535894106
3.701 0.0916192152416418
3.711 0.0909507370119681
3.721 0.0902864026490946
3.731 0.0896261959017269
3.741 0.0889701005185701
3.751 0.0883181002483296
3.761 0.0876701788397107
3.771 0.0870263200414186
3.781 0.0863865076021587
3.791 0.0857507252706363
3.801 0.0851189567955566
3.811 0.0844911859256251
3.821 0.0838673964095469
3.831 0.0832475719960274
3.841 0.0826316964337718
3.851 0.0820197534714855
3.861 0.0814117268578739
3.871 0.0808076003416421
3.881 0.0802073576714955
3.891 0.0796109825961394
3.901 0.0790184588642791
3.911 0.0784297702246198
3.921 0.077844900425867
3.931 0.0772638332167258
3.941 0.0766865523459017
3.951 0.0761130415620998
3.961 0.0755432846140256
3.971 0.0749772652503842
3.981 0.0744149672198811
3.991 0.0738563742712215
4.001 0.0733014701531106
4.011 0.0727502386142539
4.021 0.0722026634033566
4.031 0.071658728269124
4.041 0.0711184169602614
4.051 0.0705817132254742
4.061 0.0700486008134675
4.071 0.0695190634729468
4.081 0.0689930849526173
4.091 0.0684706490011843
4.101 0.0679517393673532
4.111 0.0674363397998291
4.121 0.0669244340473175
4.131 0.0664160058585236
4.141 0.0659110389821528
4.151 0.0654095171669102
4.161 0.0649114241615014
4.171 0.0644167437146314
4.181 0.0639254595750058
4.191 0.0634375554913296
4.201 0.0629530152123083
4.211 0.0624718224866471
4.221 0.0619939610630514
4.231 0.0615194146902263
4.241 0.0610481671168774
4.251 0.0605802020917098
4.261 0.0601155033634289
4.271 0.0596540546807399
4.281 0.0591958397923482
4.291 0.058740842446959
4.301 0.0582890463932777
4.311 0.0578404353800095
4.321 0.0573949931558598
4.331 0.0569527034695339
4.341 0.0565135500794695
4.351 0.0560775170795274
4.361 0.055644588975969
4.371 0.0552147503003904
4.381 0.0547879855843874
4.391 0.0543642793595559
4.401 0.0539436161574918
4.411 0.0535259805097911
4.421 0.0531113569480496
4.431 0.0526997300038634
4.441 0.0522910842088282
4.451 0.0518854040945401
4.461 0.051482674192595
4.471 0.0510828790345886
4.481 0.0506860031521171
4.491 0.0502920310767762
4.501 0.0499009473401619
4.511 0.0495127364738702
4.521 0.0491273830094969
4.531 0.0487448714786379
4.541 0.0483651864128892
4.551 0.0479883123438467
4.561 0.0476142338031062
4.571 0.0472429353222638
4.581 0.0468744014329154
4.591 0.0465086166666567
4.601 0.0461455655550839
4.611 0.0457852326297927
4.621 0.0454276024223791
4.631 0.045072659464439
4.641 0.0447203882875683
4.651 0.044370773423363
4.661 0.0440237994034189
4.671 0.0436794507593321
4.681 0.0433377120226983
4.691 0.0429985677251134
4.701 0.0426620023981736
4.711 0.0423280005734745
4.721 0.0419965467826123
4.731 0.0416676255571826
4.741 0.0413412214287816
4.751 0.0410173189290051
4.761 0.040695902589449
4.771 0.0403769569417092
4.781 0.0400604665173817
4.791 0.0397464158480623
4.801 0.039434789465347
4.811 0.0391255719008317
4.821 0.0388187476861124
4.831 0.0385143013527848
4.841 0.0382122174324451
4.851 0.0379124804566889
4.861 0.0376150749571123
4.871 0.0373199854653113
4.881 0.0370271965128817
4.891 0.0367366926314193
4.901 0.0364484583525202
4.911 0.0361624782077803
4.921 0.0358787367287954
4.931 0.0355972184471616
4.941 0.0353179078944746
4.951 0.0350407896023305
4.961 0.0347658481023251
4.971 0.0344930679260543
4.981 0.0342224336051141
4.991 0.0339539296711004
5.001 0.0336875406556091
5.011 0.0334232510902362
5.021 0.0331610455065774
5.031 0.0329009084362288
5.041 0.0326428244107863
5.051 0.0323867779618457
5.061 0.032132753621003
5.071 0.0318807359198542
5.081 0.0316307093899951
5.091 0.0313826585630216
5.101 0.0311365679705297
5.111 0.0308924221441153
5.121 0.0306502056153742
5.131 0.0304099029159025
5.141 0.030171498577296
5.151 0.0299349771311506
5.161 0.0297003231090623
5.171 0.029467521042627
5.181 0.0292365554634406
5.191 0.0290074109030989
5.201 0.028780071893198
5.211 0.028554523285519
5.221 0.028330753271646
5.231 0.0281087520292014
5.241 0.0278885097620935
5.251 0.0276700166742305
5.261 0.0274532629695206
5.271 0.027238238851872
5.281 0.0270249345251931
5.291 0.0268133401933921
5.301 0.0266034460603771
5.311 0.0263952423300564
5.321 0.0261887192063383
5.331 0.025983866893131
5.341 0.0257806755943428
5.351 0.0255791355138817
5.361 0.0253792368556563
5.371 0.0251809698235745
5.381 0.0249843246215447
5.391 0.0247892914534752
5.401 0.024595860523274
5.411 0.0244040220348496
5.421 0.0242137661921101
5.431 0.0240250831989638
5.441 0.0238379632593188
5.451 0.0236523965770836
5.461 0.0234683733561661
5.471 0.0232858838004748
5.481 0.0231049181139178
5.491 0.0229254665004034
5.501 0.0227475191638399
5.511 0.0225710663081354
5.521 0.0223960981371981
5.531 0.0222226048549364
5.541 0.0220505766652585
5.551 0.0218800037720726
5.561 0.0217108763792869
5.571 0.0215431846908097
5.581 0.0213769189105492
5.591 0.0212120692424136
5.601 0.0210486258903113
5.611 0.0208865790581503
5.621 0.0207259189498391
5.631 0.0205666357692857
5.641 0.0204087197203984
5.651 0.0202521610070855
5.661 0.0200969498332553
5.671 0.0199430764028159
5.681 0.0197905309196755
5.691 0.0196393035877425
5.701 0.019489384610925
5.711 0.0193407641931313
5.721 0.0191934325382697
5.731 0.0190473798502483
5.741 0.0189025963329754
5.751 0.0187590721903592
5.761 0.018616797626308
5.771 0.01847576284473
5.781 0.0183359580495335
5.791 0.0181973734446267
5.801 0.0180599992339178
5.811 0.017923825621315
5.821 0.0177888428107266
5.831 0.0176550410060609
5.841 0.0175224104112261
5.851 0.0173909412301303
5.861 0.0172606236666819
5.871 0.017131447924789
5.881 0.01700340420836
5.891 0.016876482721303
5.901 0.0167506736675263
5.911 0.0166259672509382
5.921 0.0165023536754468
5.931 0.0163798231449604
5.941 0.0162583658633872
5.951 0.0161379720346355
5.961 0.0160186318626135
5.971 0.0159003355512295
5.981 0.0157830733043916
5.991 0.0156668353260082
6.001 0.0155516118199874
6.011 0.0154373929902375
6.021 0.0153241690406668
6.031 0.0152119301751834
6.041 0.0151006665976956
6.051 0.0149903685121116
6.061 0.0148810261223397
6.071 0.0147726296322882
6.081 0.0146651696398801
6.091 0.0145586413657656
6.101 0.0144530430332108
6.111 0.0143483729164414
6.121 0.0142446292896828
6.131 0.0141418104271607
6.141 0.0140399146031007
6.151 0.0139389400917284
6.161 0.0138388851672693
6.171 0.0137397481039491
6.181 0.0136415271759933
6.191 0.0135442206576275
6.201 0.0134478268230774
6.211 0.0133523439465684
6.221 0.0132577703023262
6.231 0.0131641041645764
6.241 0.0130713438075446
6.251 0.0129794875054564
6.261 0.0128885335325372
6.271 0.0127984801630129
6.281 0.0127093256711088
6.291 0.0126210683310507
6.301 0.0125337064170641
6.311 0.0124472382033746
6.321 0.0123616619642077
6.331 0.0122769759737892
6.341 0.0121931785063445
6.351 0.0121102678360992
6.361 0.0120282422372791
6.371 0.0119470999841095
6.381 0.0118668393508162
6.391 0.0117874586116246
6.401 0.0117089560407605
6.411 0.0116313299124494
6.421 0.0115545785009169
6.431 0.0114787000803885
6.441 0.0114036929250899
6.451 0.0113295553092466
6.461 0.0112562855070843
6.471 0.0111838817928285
6.481 0.0111123424407049
6.491 0.0110416657249389
6.501 0.0109718499197562
6.511 0.0109028932993825
6.521 0.0108347941380432
6.531 0.0107675507099639
6.541 0.0107011612893704
6.551 0.010635624150488
6.561 0.0105709375675425
6.571 0.0105070998147595
6.581 0.0104441091663644
6.591 0.010381963896583
6.601 0.0103206622796407
6.611 0.0102602025897633
6.621 0.0102005831011762
6.631 0.010141802088105
6.641 0.0100838578247755
6.651 0.010026748585413
6.661 0.00997047264424331
6.671 0.00991502827549192
6.681 0.00986041375338444
6.691 0.00980662735214646
6.701 0.00975366734600357
6.711 0.00970153200918136
6.721 0.00965021961590542
6.731 0.00959972844040134
6.741 0.0095500567568947
6.751 0.0095012028396111
6.761 0.00945316496277613
6.771 0.00940594140061537
6.781 0.00935953042735442
6.791 0.00931393031721886
6.801 0.00926913934443429
6.811 0.00922515578322629
6.821 0.00918197790782046
6.831 0.00913960399244238
6.841 0.00909803231131764
6.851 0.00905726113867183
6.861 0.00901728874873055
6.871 0.00897811341571938
6.881 0.00893973341386391
6.891 0.00890214701738973
6.901 0.00886535250052243
6.911 0.00882934813748759
6.921 0.00879413220251083
6.931 0.0087597029698177
6.941 0.00872605871363381
6.951 0.00869319770818476
6.961 0.00866111822769612
6.971 0.00862981854639349
6.981 0.00859929693850245
6.991 0.0085695516782486
7.001 0.00854058103985752
7.011 0.00851238329755481
7.021 0.00848495672556605
7.031 0.00845829959811684
7.041 0.00843241018884342
7.051 0.00840728545042405
7.061 0.00838291820570655
7.071 0.00835930047267087
7.081 0.00833642426929696
7.091 0.0083142816135648
7.101 0.00829286452345433
7.111 0.00827216501694552
7.121 0.00825217511201833
7.131 0.00823288682665271
7.141 0.00821429217882863
7.151 0.00819638318652604
7.161 0.00817915186772491
7.171 0.00816259024040519
7.181 0.00814669032254685
7.191 0.00813144413212983
7.201 0.00811684368713411
7.211 0.00810288100553964
7.221 0.00808954810532638
7.231 0.00807683700447428
7.241 0.00806473972096332
7.251 0.00805324827277344
7.261 0.00804235467788461
7.271 0.00803205095427679
7.281 0.00802232911992993
7.291 0.008013181192824
7.301 0.00800459919093896
7.311 0.00799657513225475
7.321 0.00798910103475135
7.331 0.00798216891640871
7.341 0.0079757707952068
7.351 0.00796989868912556
7.361 0.00796454461614497
7.371 0.00795970059424497
7.381 0.00795535864140554
7.391 0.00795151077560662
7.401 0.00794814901482818
7.411 0.00794526537705018
7.421 0.00794285188025257
7.431 0.00794090054241532
7.441 0.00793940338151839
7.451 0.00793835241554173
7.461 0.0079377396624653
7.471 0.00793755714026906
7.481 0.00793779686693298
7.491 0.00793845086043701
7.501 0.00793951113876111
7.511 0.00794096971988524
7.521 0.00794281862178936
7.531 0.00794504986245343
7.541 0.0079476554598574
7.551 0.00795062743198124
7.561 0.00795395779680491
7.571 0.00795763857230837
7.581 0.00796166177647157
7.591 0.00796601942727448
7.601 0.00797070354269705
7.611 0.00797570614071924
7.621 0.00798101923932102
7.631 0.00798663485648233
7.641 0.00799254501018315
7.651 0.00799874171840343
7.661 0.00800521699912313
7.671 0.00801196287032221
7.681 0.00801897134998063
7.691 0.00802623445607834
7.701 0.00803374420659532
7.711 0.00804149261951151
7.721 0.00804947171280687
7.731 0.00805767350446137
7.741 0.00806609001245496
7.751 0.00807471325476761
7.761 0.00808353524937927
7.771 0.0080925480142699
7.781 0.00810174356741947
7.791 0.00811111392680792
7.801 0.00812065111041523
7.811 0.00813034713622135
7.821 0.00814019402220623
7.831 0.00815018378634984
7.841 0.00816030844663214
7.851 0.00817056002103309
7.861 0.00818093052753264
7.871 0.00819141198411076
7.881 0.00820199640874741
7.891 0.00821267581942253
7.901 0.00822344223411611
7.911 0.00823428767080808
7.921 0.00824520414747842
7.931 0.00825618368210707
7.941 0.00826721829267401
7.951 0.00827829999715919
7.961 0.00828942081354257
7.971 0.0083005727598041
7.981 0.00831174785392376
